  0.00000000E+00 -0.44287653E+01
  0.00000000E+00 -0.12712347E+01
  0.99933849E-02 -0.44284527E+01
  0.99933849E-02 -0.12711877E+01
  0.19986770E-01 -0.44275150E+01
  0.19986770E-01 -0.12710470E+01
  0.29980155E-01 -0.44259524E+01
  0.29980155E-01 -0.12708124E+01
  0.39973540E-01 -0.44237651E+01
  0.39973540E-01 -0.12704839E+01
  0.49966925E-01 -0.44209537E+01
  0.49966925E-01 -0.12700617E+01
  0.59960310E-01 -0.44175188E+01
  0.59960310E-01 -0.12695456E+01
  0.69953694E-01 -0.44134610E+01
  0.69953694E-01 -0.12689358E+01
  0.79947079E-01 -0.44087812E+01
  0.79947079E-01 -0.12682323E+01
  0.89940464E-01 -0.44034804E+01
  0.89940464E-01 -0.12674350E+01
  0.99933849E-01 -0.43975597E+01
  0.99933849E-01 -0.12665440E+01
  0.10992723E+00 -0.43910204E+01
  0.10992723E+00 -0.12655593E+01
  0.11992062E+00 -0.43838637E+01
  0.11992062E+00 -0.12644810E+01
  0.12991400E+00 -0.43760913E+01
  0.12991400E+00 -0.12633092E+01
  0.13990739E+00 -0.43677047E+01
  0.13990739E+00 -0.12620438E+01
  0.14990077E+00 -0.43587057E+01
  0.14990077E+00 -0.12606849E+01
  0.15989416E+00 -0.43490962E+01
  0.15989416E+00 -0.12592325E+01
  0.16988754E+00 -0.43388782E+01
  0.16988754E+00 -0.12576868E+01
  0.17988093E+00 -0.43280538E+01
  0.17988093E+00 -0.12560478E+01
  0.18987431E+00 -0.43166253E+01
  0.18987431E+00 -0.12543155E+01
  0.19986770E+00 -0.43045951E+01
  0.19986770E+00 -0.12524900E+01
  0.20986108E+00 -0.42919656E+01
  0.20986108E+00 -0.12505713E+01
  0.21985447E+00 -0.42787397E+01
  0.21985447E+00 -0.12485596E+01
  0.22984785E+00 -0.42649199E+01
  0.22984785E+00 -0.12464549E+01
  0.23984124E+00 -0.42505093E+01
  0.23984124E+00 -0.12442572E+01
  0.24983462E+00 -0.42355108E+01
  0.24983462E+00 -0.12419667E+01
  0.25982801E+00 -0.42199275E+01
  0.25982801E+00 -0.12395834E+01
  0.26982139E+00 -0.42037628E+01
  0.26982139E+00 -0.12371074E+01
  0.27981478E+00 -0.41870200E+01
  0.27981478E+00 -0.12345387E+01
  0.28980816E+00 -0.41697026E+01
  0.28980816E+00 -0.12318775E+01
  0.29980155E+00 -0.41518143E+01
  0.29980155E+00 -0.12291239E+01
  0.30979493E+00 -0.41333588E+01
  0.30979493E+00 -0.12262778E+01
  0.31978832E+00 -0.41143399E+01
  0.31978832E+00 -0.12233394E+01
  0.32978170E+00 -0.40947617E+01
  0.32978170E+00 -0.12203088E+01
  0.33977509E+00 -0.40746282E+01
  0.33977509E+00 -0.12171861E+01
  0.34976847E+00 -0.40539437E+01
  0.34976847E+00 -0.12139713E+01
  0.35976186E+00 -0.40327125E+01
  0.35976186E+00 -0.12106644E+01
  0.36975524E+00 -0.40109391E+01
  0.36975524E+00 -0.12072657E+01
  0.37974863E+00 -0.39886280E+01
  0.37974863E+00 -0.12037751E+01
  0.38974201E+00 -0.39657839E+01
  0.38974201E+00 -0.12001927E+01
  0.39973540E+00 -0.39424116E+01
  0.39973540E+00 -0.11965187E+01
  0.40972878E+00 -0.39185160E+01
  0.40972878E+00 -0.11927530E+01
  0.41972217E+00 -0.38941021E+01
  0.41972217E+00 -0.11888957E+01
  0.42971555E+00 -0.38691752E+01
  0.42971555E+00 -0.11849469E+01
  0.43970894E+00 -0.38437403E+01
  0.43970894E+00 -0.11809067E+01
  0.44970232E+00 -0.38178028E+01
  0.44970232E+00 -0.11767750E+01
  0.45969571E+00 -0.37913683E+01
  0.45969571E+00 -0.11725519E+01
  0.46968909E+00 -0.37644423E+01
  0.46968909E+00 -0.11682375E+01
  0.47968248E+00 -0.37370305E+01
  0.47968248E+00 -0.11638318E+01
  0.48967586E+00 -0.37091386E+01
  0.48967586E+00 -0.11593347E+01
  0.49966925E+00 -0.36807726E+01
  0.49966925E+00 -0.11547464E+01
  0.50966263E+00 -0.36519384E+01
  0.50966263E+00 -0.11500668E+01
  0.51965602E+00 -0.36226422E+01
  0.51965602E+00 -0.11452958E+01
  0.52964940E+00 -0.35928901E+01
  0.52964940E+00 -0.11404334E+01
  0.53964279E+00 -0.35626886E+01
  0.53964279E+00 -0.11354797E+01
  0.54963617E+00 -0.35320440E+01
  0.54963617E+00 -0.11304345E+01
  0.55962956E+00 -0.35009628E+01
  0.55962956E+00 -0.11252977E+01
  0.56962294E+00 -0.34694517E+01
  0.56962294E+00 -0.11200693E+01
  0.57961633E+00 -0.34375175E+01
  0.57961633E+00 -0.11147491E+01
  0.58960971E+00 -0.34051669E+01
  0.58960971E+00 -0.11093370E+01
  0.59960310E+00 -0.33724070E+01
  0.59960310E+00 -0.11038329E+01
  0.60959648E+00 -0.33392448E+01
  0.60959648E+00 -0.10982364E+01
  0.61958987E+00 -0.33056875E+01
  0.61958987E+00 -0.10925475E+01
  0.62958325E+00 -0.32717423E+01
  0.62958325E+00 -0.10867658E+01
  0.63957664E+00 -0.32374166E+01
  0.63957664E+00 -0.10808910E+01
  0.64957002E+00 -0.32027180E+01
  0.64957002E+00 -0.10749228E+01
  0.65956341E+00 -0.31676541E+01
  0.65956341E+00 -0.10688609E+01
  0.66955679E+00 -0.31322326E+01
  0.66955679E+00 -0.10627047E+01
  0.67955018E+00 -0.30964613E+01
  0.67955018E+00 -0.10564540E+01
  0.68954356E+00 -0.30603482E+01
  0.68954356E+00 -0.10501080E+01
  0.69953694E+00 -0.30239014E+01
  0.69953694E+00 -0.10436662E+01
  0.70953033E+00 -0.29871291E+01
  0.70953033E+00 -0.10371281E+01
  0.71952371E+00 -0.29500397E+01
  0.71952371E+00 -0.10304927E+01
  0.72951710E+00 -0.29126417E+01
  0.72951710E+00 -0.10237594E+01
  0.73951048E+00 -0.28749437E+01
  0.73951048E+00 -0.10169273E+01
  0.74950387E+00 -0.28369544E+01
  0.74950387E+00 -0.10099953E+01
  0.75949725E+00 -0.27986829E+01
  0.75949725E+00 -0.10029624E+01
  0.76949064E+00 -0.27601381E+01
  0.76949064E+00 -0.99582744E+00
  0.77948402E+00 -0.27213295E+01
  0.77948402E+00 -0.98858900E+00
  0.78947741E+00 -0.26822663E+01
  0.78947741E+00 -0.98124566E+00
  0.79947079E+00 -0.26429584E+01
  0.79947079E+00 -0.97379581E+00
  0.80946418E+00 -0.26034155E+01
  0.80946418E+00 -0.96623766E+00
  0.81945756E+00 -0.25636477E+01
  0.81945756E+00 -0.95856926E+00
  0.82945095E+00 -0.25236654E+01
  0.82945095E+00 -0.95078844E+00
  0.83944433E+00 -0.24834791E+01
  0.83944433E+00 -0.94289282E+00
  0.84943772E+00 -0.24430997E+01
  0.84943772E+00 -0.93487974E+00
  0.85943110E+00 -0.24025384E+01
  0.85943110E+00 -0.92674631E+00
  0.86942449E+00 -0.23618067E+01
  0.86942449E+00 -0.91848930E+00
  0.87941787E+00 -0.23209165E+01
  0.87941787E+00 -0.91010516E+00
  0.88941126E+00 -0.22798801E+01
  0.88941126E+00 -0.90158994E+00
  0.89940464E+00 -0.22387101E+01
  0.89940464E+00 -0.89293928E+00
  0.90939803E+00 -0.21974200E+01
  0.90939803E+00 -0.88414835E+00
  0.91939141E+00 -0.21560233E+01
  0.91939141E+00 -0.87521179E+00
  0.92938480E+00 -0.21145345E+01
  0.92938480E+00 -0.86612365E+00
  0.93937818E+00 -0.20729687E+01
  0.93937818E+00 -0.85687729E+00
  0.94937157E+00 -0.20313417E+01
  0.94937157E+00 -0.84746538E+00
  0.95936495E+00 -0.19896703E+01
  0.95936495E+00 -0.83787969E+00
  0.96935834E+00 -0.19479719E+01
  0.96935834E+00 -0.82811110E+00
  0.97935172E+00 -0.19062653E+01
  0.97935172E+00 -0.81814940E+00
  0.98934511E+00 -0.18645705E+01
  0.98934511E+00 -0.80798318E+00
  0.99933849E+00 -0.18229087E+01
  0.99933849E+00 -0.79759971E+00
  0.10093319E+01 -0.17813027E+01
  0.10093319E+01 -0.78698471E+00
  0.10193253E+01 -0.17397769E+01
  0.10193253E+01 -0.77612219E+00
  0.10293186E+01 -0.16983578E+01
  0.10293186E+01 -0.76499425E+00
  0.10393120E+01 -0.16570739E+01
  0.10393120E+01 -0.75358079E+00
  0.10493054E+01 -0.16159564E+01
  0.10493054E+01 -0.74185930E+00
  0.10592988E+01 -0.15750389E+01
  0.10592988E+01 -0.72980454E+00
  0.10692922E+01 -0.15343583E+01
  0.10692922E+01 -0.71738821E+00
  0.10792856E+01 -0.14939545E+01
  0.10792856E+01 -0.70457870E+00
  0.10892790E+01 -0.14538714E+01
  0.10892790E+01 -0.69134071E+00
  0.10992723E+01 -0.14141567E+01
  0.10992723E+01 -0.67763494E+00
  0.11092657E+01 -0.13748623E+01
  0.11092657E+01 -0.66341788E+00
  0.11192591E+01 -0.13360446E+01
  0.11192591E+01 -0.64864156E+00
  0.11292525E+01 -0.12977645E+01
  0.11292525E+01 -0.63325351E+00
  0.11392459E+01 -0.12600872E+01
  0.11392459E+01 -0.61719688E+00
  0.11492393E+01 -0.12230817E+01
  0.11492393E+01 -0.60041084E+00
  0.11592327E+01 -0.11868207E+01
  0.11592327E+01 -0.58283127E+00
  0.11692260E+01 -0.11513786E+01
  0.11692260E+01 -0.56439190E+00
  0.11792194E+01 -0.11168303E+01
  0.11792194E+01 -0.54502599E+00
  0.11892128E+01 -0.10832494E+01
  0.11892128E+01 -0.52466840E+00
  0.11992062E+01 -0.10507047E+01
  0.11992062E+01 -0.50325823E+00
  0.12091996E+01 -0.10192582E+01
  0.12091996E+01 -0.48074176E+00
  0.12191930E+01 -0.98896155E+00
  0.12191930E+01 -0.45707551E+00
  0.12291863E+01 -0.95985306E+00
  0.12291863E+01 -0.43222913E+00
  0.12391797E+01 -0.93195570E+00
  0.12391797E+01 -0.40618770E+00
  0.12491731E+01 -0.90527543E+00
  0.12491731E+01 -0.37895324E+00
  0.12591665E+01 -0.87980091E+00
  0.12591665E+01 -0.35054502E+00
  0.12691599E+01 -0.85550423E+00
  0.12691599E+01 -0.32099883E+00
  0.12791533E+01 -0.83234279E+00
  0.12791533E+01 -0.29036510E+00
  0.12891467E+01 -0.81026188E+00
  0.12891467E+01 -0.25870634E+00
  0.12991400E+01 -0.78919776E+00
  0.12991400E+01 -0.22609400E+00
  0.13091334E+01 -0.76908081E+00
  0.13091334E+01 -0.19260541E+00
  0.13191268E+01 -0.74983841E+00
  0.13191268E+01 -0.15832077E+00
  0.13291202E+01 -0.73139757E+00
  0.13291202E+01 -0.12332066E+00
  0.13391136E+01 -0.71368685E+00
  0.13391136E+01 -0.87684015E-01
  0.13491070E+01 -0.69663790E+00
  0.13491070E+01 -0.51486620E-01
  0.13591004E+01 -0.68018648E+00
  0.13591004E+01 -0.14800116E-01
  0.13690937E+01 -0.66427298E+00
  0.13690937E+01  0.22308596E-01
  0.13790871E+01 -0.64884276E+00
  0.13790871E+01  0.59777611E-01
  0.13890805E+01 -0.63384611E+00
  0.13890805E+01  0.97550047E-01
  0.13990739E+01 -0.61923814E+00
  0.13990739E+01  0.13557389E+00
  0.14090673E+01 -0.60497849E+00
  0.14090673E+01  0.17380174E+00
  0.14190607E+01 -0.59103101E+00
  0.14190607E+01  0.21219047E+00
  0.14290540E+01 -0.57736343E+00
  0.14290540E+01  0.25070092E+00
  0.14390474E+01 -0.56394696E+00
  0.14390474E+01  0.28929747E+00
  0.14490408E+01 -0.55075599E+00
  0.14490408E+01  0.32794776E+00
  0.14590342E+01 -0.53776771E+00
  0.14590342E+01  0.36662231E+00
  0.14690276E+01 -0.52496185E+00
  0.14690276E+01  0.40529425E+00
  0.14790210E+01 -0.51232034E+00
  0.14790210E+01  0.44393901E+00
  0.14890144E+01 -0.49982713E+00
  0.14890144E+01  0.48253410E+00
  0.14990077E+01 -0.48746792E+00
  0.14990077E+01  0.52105887E+00
  0.15090011E+01 -0.47522996E+00
  0.15090011E+01  0.55949431E+00
  0.15189945E+01 -0.46310188E+00
  0.15189945E+01  0.59782286E+00
  0.15289879E+01 -0.45107354E+00
  0.15289879E+01  0.63602829E+00
  0.15389813E+01 -0.43913589E+00
  0.15389813E+01  0.67409554E+00
  0.15489747E+01 -0.42728084E+00
  0.15489747E+01  0.71201059E+00
  0.15589680E+01 -0.41550113E+00
  0.15589680E+01  0.74976038E+00
  0.15689614E+01 -0.40379030E+00
  0.15689614E+01  0.78733268E+00
  0.15789548E+01 -0.39214255E+00
  0.15789548E+01  0.82471605E+00
  0.15889482E+01 -0.38055267E+00
  0.15889482E+01  0.86189973E+00
  0.15989416E+01 -0.36901601E+00
  0.15989416E+01  0.89887361E+00
  0.16089350E+01 -0.35752841E+00
  0.16089350E+01  0.93562815E+00
  0.16189284E+01 -0.34608612E+00
  0.16189284E+01  0.97215432E+00
  0.16289217E+01 -0.33468578E+00
  0.16289217E+01  0.10084436E+01
  0.16389151E+01 -0.32332440E+00
  0.16389151E+01  0.10444879E+01
  0.16489085E+01 -0.31199929E+00
  0.16489085E+01  0.10802796E+01
  0.16589019E+01 -0.30070805E+00
  0.16589019E+01  0.11158114E+01
  0.16688953E+01 -0.28944852E+00
  0.16688953E+01  0.11510763E+01
  0.16788887E+01 -0.27821880E+00
  0.16788887E+01  0.11860678E+01
  0.16888821E+01 -0.26701718E+00
  0.16888821E+01  0.12207795E+01
  0.16988754E+01 -0.25584214E+00
  0.16988754E+01  0.12552055E+01
  0.17088688E+01 -0.24469233E+00
  0.17088688E+01  0.12893401E+01
  0.17188622E+01 -0.23356659E+00
  0.17188622E+01  0.13231777E+01
  0.17288556E+01 -0.22246386E+00
  0.17288556E+01  0.13567132E+01
  0.17388490E+01 -0.21138323E+00
  0.17388490E+01  0.13899416E+01
  0.17488424E+01 -0.20032392E+00
  0.17488424E+01  0.14228582E+01
  0.17588357E+01 -0.18928525E+00
  0.17588357E+01  0.14554584E+01
  0.17688291E+01 -0.17826662E+00
  0.17688291E+01  0.14877378E+01
  0.17788225E+01 -0.16726757E+00
  0.17788225E+01  0.15196924E+01
  0.17888159E+01 -0.15628767E+00
  0.17888159E+01  0.15513181E+01
  0.17988093E+01 -0.14532661E+00
  0.17988093E+01  0.15826113E+01
  0.18088027E+01 -0.13438413E+00
  0.18088027E+01  0.16135684E+01
  0.18187961E+01 -0.12346004E+00
  0.18187961E+01  0.16441859E+01
  0.18287894E+01 -0.11255421E+00
  0.18287894E+01  0.16744606E+01
  0.18387828E+01 -0.10166657E+00
  0.18387828E+01  0.17043894E+01
  0.18487762E+01 -0.90797098E-01
  0.18487762E+01  0.17339695E+01
  0.18587696E+01 -0.79945825E-01
  0.18587696E+01  0.17631980E+01
  0.18687630E+01 -0.69112820E-01
  0.18687630E+01  0.17920723E+01
  0.18787564E+01 -0.58298196E-01
  0.18787564E+01  0.18205901E+01
  0.18887498E+01 -0.47502104E-01
  0.18887498E+01  0.18487489E+01
  0.18987431E+01 -0.36724728E-01
  0.18987431E+01  0.18765466E+01
  0.19087365E+01 -0.25966289E-01
  0.19087365E+01  0.19039812E+01
  0.19187299E+01 -0.15227035E-01
  0.19187299E+01  0.19310508E+01
  0.19287233E+01 -0.45072428E-02
  0.19287233E+01  0.19577536E+01
  0.19387167E+01  0.61927828E-02
  0.19387167E+01  0.19840881E+01
  0.19487101E+01  0.16872714E-01
  0.19487101E+01  0.20100527E+01
  0.19587034E+01  0.27532200E-01
  0.19587034E+01  0.20356461E+01
  0.19686968E+01  0.38170868E-01
  0.19686968E+01  0.20608670E+01
  0.19786902E+01  0.48788327E-01
  0.19786902E+01  0.20857145E+01
  0.19886836E+01  0.59384167E-01
  0.19886836E+01  0.21101874E+01
  0.19986770E+01  0.69957960E-01
  0.19986770E+01  0.21342850E+01
  0.20086704E+01  0.80509262E-01
  0.20086704E+01  0.21580065E+01
  0.20186638E+01  0.91037617E-01
  0.20186638E+01  0.21813514E+01
  0.20286571E+01  0.10154255E+00
  0.20286571E+01  0.22043191E+01
  0.20386505E+01  0.11202358E+00
  0.20386505E+01  0.22269093E+01
  0.20486439E+01  0.12248020E+00
  0.20486439E+01  0.22491217E+01
  0.20586373E+01  0.13291192E+00
  0.20586373E+01  0.22709563E+01
  0.20686307E+01  0.14331821E+00
  0.20686307E+01  0.22924130E+01
  0.20786241E+01  0.15369854E+00
  0.20786241E+01  0.23134918E+01
  0.20886174E+01  0.16405237E+00
  0.20886174E+01  0.23341931E+01
  0.20986108E+01  0.17437916E+00
  0.20986108E+01  0.23545170E+01
  0.21086042E+01  0.18467836E+00
  0.21086042E+01  0.23744642E+01
  0.21185976E+01  0.19494941E+00
  0.21185976E+01  0.23940351E+01
  0.21285910E+01  0.20519173E+00
  0.21285910E+01  0.24132303E+01
  0.21385844E+01  0.21540476E+00
  0.21385844E+01  0.24320506E+01
  0.21485778E+01  0.22558791E+00
  0.21485778E+01  0.24504968E+01
  0.21585711E+01  0.23574061E+00
  0.21585711E+01  0.24685701E+01
  0.21685645E+01  0.24586225E+00
  0.21685645E+01  0.24862713E+01
  0.21785579E+01  0.25595225E+00
  0.21785579E+01  0.25036016E+01
  0.21885513E+01  0.26601002E+00
  0.21885513E+01  0.25205624E+01
  0.21985447E+01  0.27603494E+00
  0.21985447E+01  0.25371550E+01
  0.22085381E+01  0.28602642E+00
  0.22085381E+01  0.25533808E+01
  0.22185315E+01  0.29598384E+00
  0.22185315E+01  0.25692415E+01
  0.22285248E+01  0.30590660E+00
  0.22285248E+01  0.25847387E+01
  0.22385182E+01  0.31579408E+00
  0.22385182E+01  0.25998740E+01
  0.22485116E+01  0.32564567E+00
  0.22485116E+01  0.26146495E+01
  0.22585050E+01  0.33546075E+00
  0.22585050E+01  0.26290669E+01
  0.22684984E+01  0.34523870E+00
  0.22684984E+01  0.26431284E+01
  0.22784918E+01  0.35497890E+00
  0.22784918E+01  0.26568360E+01
  0.22884851E+01  0.36468074E+00
  0.22884851E+01  0.26701920E+01
  0.22984785E+01  0.37434358E+00
  0.22984785E+01  0.26831985E+01
  0.23084719E+01  0.38396682E+00
  0.23084719E+01  0.26958581E+01
  0.23184653E+01  0.39354981E+00
  0.23184653E+01  0.27081732E+01
  0.23284587E+01  0.40309195E+00
  0.23284587E+01  0.27201462E+01
  0.23384521E+01  0.41259260E+00
  0.23384521E+01  0.27317798E+01
  0.23484455E+01  0.42205114E+00
  0.23484455E+01  0.27430768E+01
  0.23584388E+01  0.43146696E+00
  0.23584388E+01  0.27540398E+01
  0.23684322E+01  0.44083942E+00
  0.23684322E+01  0.27646717E+01
  0.23784256E+01  0.45016790E+00
  0.23784256E+01  0.27749755E+01
  0.23884190E+01  0.45945179E+00
  0.23884190E+01  0.27849542E+01
  0.23984124E+01  0.46869046E+00
  0.23984124E+01  0.27946108E+01
  0.24084058E+01  0.47788329E+00
  0.24084058E+01  0.28039484E+01
  0.24183992E+01  0.48702967E+00
  0.24183992E+01  0.28129703E+01
  0.24283925E+01  0.49612897E+00
  0.24283925E+01  0.28216798E+01
  0.24383859E+01  0.50518058E+00
  0.24383859E+01  0.28300802E+01
  0.24483793E+01  0.51418389E+00
  0.24483793E+01  0.28381749E+01
  0.24583727E+01  0.52313828E+00
  0.24583727E+01  0.28459674E+01
  0.24683661E+01  0.53204314E+00
  0.24683661E+01  0.28534611E+01
  0.24783595E+01  0.54089787E+00
  0.24783595E+01  0.28606598E+01
  0.24883528E+01  0.54970185E+00
  0.24883528E+01  0.28675670E+01
  0.24983462E+01  0.55845448E+00
  0.24983462E+01  0.28741865E+01
  0.25083396E+01  0.56715516E+00
  0.25083396E+01  0.28805221E+01
  0.25183330E+01  0.57580329E+00
  0.25183330E+01  0.28865774E+01
  0.25283264E+01  0.58439827E+00
  0.25283264E+01  0.28923564E+01
  0.25383198E+01  0.59293951E+00
  0.25383198E+01  0.28978631E+01
  0.25483132E+01  0.60142640E+00
  0.25483132E+01  0.29031014E+01
  0.25583065E+01  0.60985837E+00
  0.25583065E+01  0.29080752E+01
  0.25682999E+01  0.61823482E+00
  0.25682999E+01  0.29127887E+01
  0.25782933E+01  0.62655516E+00
  0.25782933E+01  0.29172459E+01
  0.25882867E+01  0.63481883E+00
  0.25882867E+01  0.29214510E+01
  0.25982801E+01  0.64302523E+00
  0.25982801E+01  0.29254082E+01
  0.26082735E+01  0.65117380E+00
  0.26082735E+01  0.29291217E+01
  0.26182669E+01  0.65926395E+00
  0.26182669E+01  0.29325957E+01
  0.26282602E+01  0.66729513E+00
  0.26282602E+01  0.29358346E+01
  0.26382536E+01  0.67526676E+00
  0.26382536E+01  0.29388426E+01
  0.26482470E+01  0.68317828E+00
  0.26482470E+01  0.29416241E+01
  0.26582404E+01  0.69102914E+00
  0.26582404E+01  0.29441835E+01
  0.26682338E+01  0.69881878E+00
  0.26682338E+01  0.29465252E+01
  0.26782272E+01  0.70654664E+00
  0.26782272E+01  0.29486536E+01
  0.26882205E+01  0.71421217E+00
  0.26882205E+01  0.29505732E+01
  0.26982139E+01  0.72181484E+00
  0.26982139E+01  0.29522886E+01
  0.27082073E+01  0.72935410E+00
  0.27082073E+01  0.29538041E+01
  0.27182007E+01  0.73682942E+00
  0.27182007E+01  0.29551243E+01
  0.27281941E+01  0.74424026E+00
  0.27281941E+01  0.29562538E+01
  0.27381875E+01  0.75158609E+00
  0.27381875E+01  0.29571970E+01
  0.27481809E+01  0.75886639E+00
  0.27481809E+01  0.29579587E+01
  0.27581742E+01  0.76608063E+00
  0.27581742E+01  0.29585433E+01
  0.27681676E+01  0.77322831E+00
  0.27681676E+01  0.29589555E+01
  0.27781610E+01  0.78030890E+00
  0.27781610E+01  0.29591998E+01
  0.27881544E+01  0.78732190E+00
  0.27881544E+01  0.29592809E+01
  0.27981478E+01  0.79426680E+00
  0.27981478E+01  0.29592034E+01
  0.28081412E+01  0.80114311E+00
  0.28081412E+01  0.29589719E+01
  0.28181345E+01  0.80795033E+00
  0.28181345E+01  0.29585909E+01
  0.28281279E+01  0.81468796E+00
  0.28281279E+01  0.29580652E+01
  0.28381213E+01  0.82135552E+00
  0.28381213E+01  0.29573994E+01
  0.28481147E+01  0.82795253E+00
  0.28481147E+01  0.29565980E+01
  0.28581081E+01  0.83447851E+00
  0.28581081E+01  0.29556656E+01
  0.28681015E+01  0.84093299E+00
  0.28681015E+01  0.29546069E+01
  0.28780949E+01  0.84731550E+00
  0.28780949E+01  0.29534265E+01
  0.28880882E+01  0.85362557E+00
  0.28880882E+01  0.29521289E+01
  0.28980816E+01  0.85986275E+00
  0.28980816E+01  0.29507187E+01
  0.29080750E+01  0.86602658E+00
  0.29080750E+01  0.29492004E+01
  0.29180684E+01  0.87211662E+00
  0.29180684E+01  0.29475786E+01
  0.29280618E+01  0.87813241E+00
  0.29280618E+01  0.29458578E+01
  0.29380552E+01  0.88407352E+00
  0.29380552E+01  0.29440426E+01
  0.29480486E+01  0.88993952E+00
  0.29480486E+01  0.29421373E+01
  0.29580419E+01  0.89572997E+00
  0.29580419E+01  0.29401465E+01
  0.29680353E+01  0.90144445E+00
  0.29680353E+01  0.29380745E+01
  0.29780287E+01  0.90708253E+00
  0.29780287E+01  0.29359258E+01
  0.29880221E+01  0.91264382E+00
  0.29880221E+01  0.29337048E+01
  0.29980155E+01  0.91812789E+00
  0.29980155E+01  0.29314159E+01
  0.30080089E+01  0.92353434E+00
  0.30080089E+01  0.29290632E+01
  0.30180022E+01  0.92886277E+00
  0.30180022E+01  0.29266513E+01
  0.30279956E+01  0.93411280E+00
  0.30279956E+01  0.29241842E+01
  0.30379890E+01  0.93928402E+00
  0.30379890E+01  0.29216662E+01
  0.30479824E+01  0.94437606E+00
  0.30479824E+01  0.29191015E+01
  0.30579758E+01  0.94938854E+00
  0.30579758E+01  0.29164943E+01
  0.30679692E+01  0.95432109E+00
  0.30679692E+01  0.29138486E+01
  0.30779626E+01  0.95917333E+00
  0.30779626E+01  0.29111685E+01
  0.30879559E+01  0.96394492E+00
  0.30879559E+01  0.29084581E+01
  0.30979493E+01  0.96863548E+00
  0.30979493E+01  0.29057213E+01
  0.31079427E+01  0.97324468E+00
  0.31079427E+01  0.29029621E+01
  0.31179361E+01  0.97777216E+00
  0.31179361E+01  0.29001843E+01
  0.31279295E+01  0.98221759E+00
  0.31279295E+01  0.28973918E+01
  0.31379229E+01  0.98658063E+00
  0.31379229E+01  0.28945884E+01
  0.31479163E+01  0.99086096E+00
  0.31479163E+01  0.28917778E+01
  0.31579096E+01  0.99505825E+00
  0.31579096E+01  0.28889637E+01
  0.31679030E+01  0.99917219E+00
  0.31679030E+01  0.28861498E+01
  0.31778964E+01  0.10032025E+01
  0.31778964E+01  0.28833395E+01
  0.31878898E+01  0.10071488E+01
  0.31878898E+01  0.28805365E+01
  0.31978832E+01  0.10110108E+01
  0.31978832E+01  0.28777441E+01
  0.32078766E+01  0.10147883E+01
  0.32078766E+01  0.28749659E+01
  0.32178699E+01  0.10184809E+01
  0.32178699E+01  0.28722051E+01
  0.32278633E+01  0.10220884E+01
  0.32278633E+01  0.28694650E+01
  0.32378567E+01  0.10256105E+01
  0.32378567E+01  0.28667489E+01
  0.32478501E+01  0.10290469E+01
  0.32478501E+01  0.28640599E+01
  0.32578435E+01  0.10323974E+01
  0.32578435E+01  0.28614010E+01
  0.32678369E+01  0.10356617E+01
  0.32678369E+01  0.28587754E+01
  0.32778303E+01  0.10388395E+01
  0.32778303E+01  0.28561860E+01
  0.32878236E+01  0.10419307E+01
  0.32878236E+01  0.28536356E+01
  0.32978170E+01  0.10449349E+01
  0.32978170E+01  0.28511271E+01
  0.33078104E+01  0.10478520E+01
  0.33078104E+01  0.28486633E+01
  0.33178038E+01  0.10506817E+01
  0.33178038E+01  0.28462468E+01
  0.33277972E+01  0.10534237E+01
  0.33277972E+01  0.28438802E+01
  0.33377906E+01  0.10560780E+01
  0.33377906E+01  0.28415661E+01
  0.33477840E+01  0.10586443E+01
  0.33477840E+01  0.28393069E+01
  0.33577773E+01  0.10611223E+01
  0.33577773E+01  0.28371050E+01
  0.33677707E+01  0.10635119E+01
  0.33677707E+01  0.28349628E+01
  0.33777641E+01  0.10658129E+01
  0.33777641E+01  0.28328824E+01
  0.33877575E+01  0.10680252E+01
  0.33877575E+01  0.28308661E+01
  0.33977509E+01  0.10701484E+01
  0.33977509E+01  0.28289158E+01
  0.34077443E+01  0.10721826E+01
  0.34077443E+01  0.28270336E+01
  0.34177376E+01  0.10741275E+01
  0.34177376E+01  0.28252215E+01
  0.34277310E+01  0.10759829E+01
  0.34277310E+01  0.28234812E+01
  0.34377244E+01  0.10777488E+01
  0.34377244E+01  0.28218145E+01
  0.34477178E+01  0.10794250E+01
  0.34477178E+01  0.28202231E+01
  0.34577112E+01  0.10810113E+01
  0.34577112E+01  0.28187086E+01
  0.34677046E+01  0.10825076E+01
  0.34677046E+01  0.28172725E+01
  0.34776980E+01  0.10839139E+01
  0.34776980E+01  0.28159162E+01
  0.34876913E+01  0.10852299E+01
  0.34876913E+01  0.28146411E+01
  0.34976847E+01  0.10864557E+01
  0.34976847E+01  0.28134484E+01
  0.35076781E+01  0.10875910E+01
  0.35076781E+01  0.28123393E+01
  0.35176715E+01  0.10886358E+01
  0.35176715E+01  0.28113150E+01
  0.35276649E+01  0.10895901E+01
  0.35276649E+01  0.28103763E+01
  0.35376583E+01  0.10904537E+01
  0.35376583E+01  0.28095242E+01
  0.35476516E+01  0.10912266E+01
  0.35476516E+01  0.28087596E+01
  0.35576450E+01  0.10919087E+01
  0.35576450E+01  0.28080832E+01
  0.35676384E+01  0.10925000E+01
  0.35676384E+01  0.28074957E+01
  0.35776318E+01  0.10930004E+01
  0.35776318E+01  0.28069975E+01
  0.35876252E+01  0.10934098E+01
  0.35876252E+01  0.28065893E+01
  0.35976186E+01  0.10937283E+01
  0.35976186E+01  0.28062714E+01
  0.36076120E+01  0.10939558E+01
  0.36076120E+01  0.28060441E+01
  0.36176053E+01  0.10940924E+01
  0.36176053E+01  0.28059076E+01
  0.36275987E+01  0.10941379E+01
  0.36275987E+01  0.28058621E+01
  0.36376198E+01  0.10941523E+01
  0.36376198E+01  0.28056067E+01
  0.36476408E+01  0.10941956E+01
  0.36476408E+01  0.28048405E+01
  0.36576618E+01  0.10942677E+01
  0.36576618E+01  0.28035636E+01
  0.36676828E+01  0.10943686E+01
  0.36676828E+01  0.28017764E+01
  0.36777039E+01  0.10944984E+01
  0.36777039E+01  0.27994793E+01
  0.36877249E+01  0.10946569E+01
  0.36877249E+01  0.27966728E+01
  0.36977459E+01  0.10948441E+01
  0.36977459E+01  0.27933576E+01
  0.37077670E+01  0.10950600E+01
  0.37077670E+01  0.27895344E+01
  0.37177880E+01  0.10953045E+01
  0.37177880E+01  0.27852042E+01
  0.37278090E+01  0.10955776E+01
  0.37278090E+01  0.27803680E+01
  0.37378300E+01  0.10958791E+01
  0.37378300E+01  0.27750268E+01
  0.37478511E+01  0.10962091E+01
  0.37478511E+01  0.27691820E+01
  0.37578721E+01  0.10965673E+01
  0.37578721E+01  0.27628349E+01
  0.37678931E+01  0.10969538E+01
  0.37678931E+01  0.27559870E+01
  0.37779142E+01  0.10973684E+01
  0.37779142E+01  0.27486399E+01
  0.37879352E+01  0.10978110E+01
  0.37879352E+01  0.27407953E+01
  0.37979562E+01  0.10982815E+01
  0.37979562E+01  0.27324551E+01
  0.38079773E+01  0.10987798E+01
  0.38079773E+01  0.27236212E+01
  0.38179983E+01  0.10993057E+01
  0.38179983E+01  0.27142956E+01
  0.38280193E+01  0.10998590E+01
  0.38280193E+01  0.27044807E+01
  0.38380403E+01  0.11004397E+01
  0.38380403E+01  0.26941786E+01
  0.38480614E+01  0.11010475E+01
  0.38480614E+01  0.26833918E+01
  0.38580824E+01  0.11016823E+01
  0.38580824E+01  0.26721229E+01
  0.38681034E+01  0.11023439E+01
  0.38681034E+01  0.26603745E+01
  0.38781245E+01  0.11030321E+01
  0.38781245E+01  0.26481493E+01
  0.38881455E+01  0.11037467E+01
  0.38881455E+01  0.26354503E+01
  0.38981665E+01  0.11044874E+01
  0.38981665E+01  0.26222804E+01
  0.39081875E+01  0.11052541E+01
  0.39081875E+01  0.26086428E+01
  0.39182086E+01  0.11060465E+01
  0.39182086E+01  0.25945407E+01
  0.39282296E+01  0.11068643E+01
  0.39282296E+01  0.25799774E+01
  0.39382506E+01  0.11077073E+01
  0.39382506E+01  0.25649564E+01
  0.39482717E+01  0.11085752E+01
  0.39482717E+01  0.25494813E+01
  0.39582927E+01  0.11094678E+01
  0.39582927E+01  0.25335557E+01
  0.39683137E+01  0.11103845E+01
  0.39683137E+01  0.25171835E+01
  0.39783348E+01  0.11113253E+01
  0.39783348E+01  0.25003685E+01
  0.39883558E+01  0.11122896E+01
  0.39883558E+01  0.24831149E+01
  0.39983768E+01  0.11132772E+01
  0.39983768E+01  0.24654267E+01
  0.40083978E+01  0.11142876E+01
  0.40083978E+01  0.24473083E+01
  0.40184189E+01  0.11153204E+01
  0.40184189E+01  0.24287639E+01
  0.40284399E+01  0.11163752E+01
  0.40284399E+01  0.24097982E+01
  0.40384609E+01  0.11174515E+01
  0.40384609E+01  0.23904156E+01
  0.40484820E+01  0.11185489E+01
  0.40484820E+01  0.23706211E+01
  0.40585030E+01  0.11196668E+01
  0.40585030E+01  0.23504193E+01
  0.40685240E+01  0.11208045E+01
  0.40685240E+01  0.23298154E+01
  0.40785450E+01  0.11219617E+01
  0.40785450E+01  0.23088144E+01
  0.40885661E+01  0.11231375E+01
  0.40885661E+01  0.22874216E+01
  0.40985871E+01  0.11243313E+01
  0.40985871E+01  0.22656423E+01
  0.41086081E+01  0.11255423E+01
  0.41086081E+01  0.22434821E+01
  0.41186292E+01  0.11267698E+01
  0.41186292E+01  0.22209467E+01
  0.41286502E+01  0.11280128E+01
  0.41286502E+01  0.21980418E+01
  0.41386712E+01  0.11292705E+01
  0.41386712E+01  0.21747735E+01
  0.41486922E+01  0.11305416E+01
  0.41486922E+01  0.21511479E+01
  0.41587133E+01  0.11318252E+01
  0.41587133E+01  0.21271712E+01
  0.41687343E+01  0.11331199E+01
  0.41687343E+01  0.21028501E+01
  0.41787553E+01  0.11344244E+01
  0.41787553E+01  0.20781913E+01
  0.41887764E+01  0.11357370E+01
  0.41887764E+01  0.20532017E+01
  0.41987974E+01  0.11370561E+01
  0.41987974E+01  0.20278886E+01
  0.42088184E+01  0.11383796E+01
  0.42088184E+01  0.20022594E+01
  0.42188395E+01  0.11397055E+01
  0.42188395E+01  0.19763221E+01
  0.42288605E+01  0.11410311E+01
  0.42288605E+01  0.19500847E+01
  0.42388815E+01  0.11423537E+01
  0.42388815E+01  0.19235559E+01
  0.42489025E+01  0.11436699E+01
  0.42489025E+01  0.18967449E+01
  0.42589236E+01  0.11449758E+01
  0.42589236E+01  0.18696614E+01
  0.42689446E+01  0.11462672E+01
  0.42689446E+01  0.18423158E+01
  0.42789656E+01  0.11475387E+01
  0.42789656E+01  0.18147193E+01
  0.42889867E+01  0.11487841E+01
  0.42889867E+01  0.17868843E+01
  0.42990077E+01  0.11499960E+01
  0.42990077E+01  0.17588243E+01
  0.43090287E+01  0.11511653E+01
  0.43090287E+01  0.17305545E+01
  0.43190497E+01  0.11522813E+01
  0.43190497E+01  0.17020921E+01
  0.43290708E+01  0.11533303E+01
  0.43290708E+01  0.16734570E+01
  0.43390918E+01  0.11542955E+01
  0.43390918E+01  0.16446724E+01
  0.43491128E+01  0.11551557E+01
  0.43491128E+01  0.16157660E+01
  0.43591339E+01  0.11558836E+01
  0.43591339E+01  0.15867714E+01
  0.43691549E+01  0.11564439E+01
  0.43691549E+01  0.15577306E+01
  0.43791759E+01  0.11567899E+01
  0.43791759E+01  0.15286968E+01
  0.43891969E+01  0.11568593E+01
  0.43891969E+01  0.14997390E+01
  0.43992180E+01  0.11565669E+01
  0.43992180E+01  0.14709488E+01
  0.44092390E+01  0.11557954E+01
  0.44092390E+01  0.14424506E+01
  0.44192600E+01  0.11543802E+01
  0.44192600E+01  0.14144156E+01
  0.44292811E+01  0.11520888E+01
  0.44292811E+01  0.13870830E+01
  0.44393021E+01  0.11485943E+01
  0.44393021E+01  0.13607866E+01
  0.44493231E+01  0.11434479E+01
  0.44493231E+01  0.13359822E+01
  0.44593442E+01  0.11360726E+01
  0.44593442E+01  0.13132535E+01
  0.44693652E+01  0.11258216E+01
  0.44693652E+01  0.12932544E+01
  0.44793862E+01  0.11121440E+01
  0.44793862E+01  0.12765427E+01
  0.44894072E+01  0.10948123E+01
  0.44894072E+01  0.12633529E+01
  0.44994283E+01  0.10740344E+01
  0.44994283E+01  0.12534842E+01
  0.45094493E+01  0.10503398E+01
  0.45094493E+01  0.12464141E+01
  0.45194703E+01  0.10243551E+01
  0.45194703E+01  0.12415231E+01
  0.45294914E+01  0.99664173E+00
  0.45294914E+01  0.12382568E+01
  0.45395124E+01  0.96763909E+00
  0.45395124E+01  0.12361831E+01
  0.45495334E+01  0.93767004E+00
  0.45495334E+01  0.12349861E+01
  0.45595544E+01  0.90696667E+00
  0.45595544E+01  0.12344411E+01
  0.45695755E+01  0.87569586E+00
  0.45695755E+01  0.12343882E+01
  0.45795965E+01  0.84397907E+00
  0.45795965E+01  0.12347133E+01
  0.45896175E+01  0.81190637E+00
  0.45896175E+01  0.12353335E+01
  0.45996386E+01  0.77954599E+00
  0.45996386E+01  0.12361878E+01
  0.46096596E+01  0.74695080E+00
  0.46096596E+01  0.12372305E+01
  0.46196806E+01  0.71416275E+00
  0.46196806E+01  0.12384269E+01
  0.46297016E+01  0.68121588E+00
  0.46297016E+01  0.12397503E+01
  0.46397227E+01  0.64813842E+00
  0.46397227E+01  0.12411797E+01
  0.46497437E+01  0.61495428E+00
  0.46497437E+01  0.12426984E+01
  0.46597647E+01  0.58168411E+00
  0.46597647E+01  0.12442931E+01
  0.46697858E+01  0.54834608E+00
  0.46697858E+01  0.12459528E+01
  0.46798068E+01  0.51495639E+00
  0.46798068E+01  0.12476687E+01
  0.46898278E+01  0.48152977E+00
  0.46898278E+01  0.12494331E+01
  0.46998489E+01  0.44807972E+00
  0.46998489E+01  0.12512399E+01
  0.47098699E+01  0.41461881E+00
  0.47098699E+01  0.12530838E+01
  0.47198909E+01  0.38115882E+00
  0.47198909E+01  0.12549602E+01
  0.47299119E+01  0.34771089E+00
  0.47299119E+01  0.12568652E+01
  0.47399330E+01  0.31428566E+00
  0.47399330E+01  0.12587954E+01
  0.47499540E+01  0.28089332E+00
  0.47499540E+01  0.12607477E+01
  0.47599750E+01  0.24754371E+00
  0.47599750E+01  0.12627195E+01
  0.47699961E+01  0.21424635E+00
  0.47699961E+01  0.12647085E+01
  0.47800171E+01  0.18101051E+00
  0.47800171E+01  0.12667125E+01
  0.47900381E+01  0.14784523E+00
  0.47900381E+01  0.12687296E+01
  0.48000591E+01  0.11475935E+00
  0.48000591E+01  0.12707581E+01
  0.48100802E+01  0.81761537E-01
  0.48100802E+01  0.12727963E+01
  0.48201012E+01  0.48860308E-01
  0.48201012E+01  0.12748429E+01
  0.48301222E+01  0.16064041E-01
  0.48301222E+01  0.12768964E+01
  0.48401433E+01 -0.16619009E-01
  0.48401433E+01  0.12789555E+01
  0.48501643E+01 -0.49180702E-01
  0.48501643E+01  0.12810192E+01
  0.48601853E+01 -0.81613000E-01
  0.48601853E+01  0.12830863E+01
  0.48702063E+01 -0.11390796E+00
  0.48702063E+01  0.12851557E+01
  0.48802274E+01 -0.14605774E+00
  0.48802274E+01  0.12872264E+01
  0.48902484E+01 -0.17805457E+00
  0.48902484E+01  0.12892975E+01
  0.49002694E+01 -0.20989078E+00
  0.49002694E+01  0.12913682E+01
  0.49102905E+01 -0.24155875E+00
  0.49102905E+01  0.12934374E+01
  0.49203115E+01 -0.27305096E+00
  0.49203115E+01  0.12955045E+01
  0.49303325E+01 -0.30435996E+00
  0.49303325E+01  0.12975685E+01
  0.49403536E+01 -0.33547836E+00
  0.49403536E+01  0.12996288E+01
  0.49503746E+01 -0.36639886E+00
  0.49503746E+01  0.13016845E+01
  0.49603956E+01 -0.39711423E+00
  0.49603956E+01  0.13037349E+01
  0.49704166E+01 -0.42761728E+00
  0.49704166E+01  0.13057793E+01
  0.49804377E+01 -0.45790092E+00
  0.49804377E+01  0.13078170E+01
  0.49904587E+01 -0.48795811E+00
  0.49904587E+01  0.13098474E+01
  0.50004797E+01 -0.51778191E+00
  0.50004797E+01  0.13118697E+01
  0.50105008E+01 -0.54736541E+00
  0.50105008E+01  0.13138832E+01
  0.50205218E+01 -0.57670179E+00
  0.50205218E+01  0.13158875E+01
  0.50305428E+01 -0.60578431E+00
  0.50305428E+01  0.13178817E+01
  0.50405638E+01 -0.63460629E+00
  0.50405638E+01  0.13198653E+01
  0.50505849E+01 -0.66316111E+00
  0.50505849E+01  0.13218377E+01
  0.50606059E+01 -0.69144224E+00
  0.50606059E+01  0.13237983E+01
  0.50706269E+01 -0.71944321E+00
  0.50706269E+01  0.13257463E+01
  0.50806480E+01 -0.74715766E+00
  0.50806480E+01  0.13276814E+01
  0.50906690E+01 -0.77457925E+00
  0.50906690E+01  0.13296028E+01
  0.51006900E+01 -0.80170175E+00
  0.51006900E+01  0.13315100E+01
  0.51107110E+01 -0.82851900E+00
  0.51107110E+01  0.13334024E+01
  0.51207321E+01 -0.85502493E+00
  0.51207321E+01  0.13352795E+01
  0.51307531E+01 -0.88121353E+00
  0.51307531E+01  0.13371406E+01
  0.51407741E+01 -0.90707888E+00
  0.51407741E+01  0.13389852E+01
  0.51507952E+01 -0.93261514E+00
  0.51507952E+01  0.13408128E+01
  0.51608162E+01 -0.95781654E+00
  0.51608162E+01  0.13426227E+01
  0.51708372E+01 -0.98267743E+00
  0.51708372E+01  0.13444145E+01
  0.51808583E+01 -0.10071922E+01
  0.51808583E+01  0.13461875E+01
  0.51908793E+01 -0.10313553E+01
  0.51908793E+01  0.13479413E+01
  0.52009003E+01 -0.10551615E+01
  0.52009003E+01  0.13496753E+01
  0.52109213E+01 -0.10786052E+01
  0.52109213E+01  0.13513889E+01
  0.52209424E+01 -0.11016813E+01
  0.52209424E+01  0.13530817E+01
  0.52309634E+01 -0.11243847E+01
  0.52309634E+01  0.13547530E+01
  0.52409844E+01 -0.11467103E+01
  0.52409844E+01  0.13564024E+01
  0.52510055E+01 -0.11686530E+01
  0.52510055E+01  0.13580294E+01
  0.52610265E+01 -0.11902081E+01
  0.52610265E+01  0.13596333E+01
  0.52710475E+01 -0.12113708E+01
  0.52710475E+01  0.13612137E+01
  0.52810685E+01 -0.12321363E+01
  0.52810685E+01  0.13627701E+01
  0.52910896E+01 -0.12525001E+01
  0.52910896E+01  0.13643019E+01
  0.53011106E+01 -0.12724577E+01
  0.53011106E+01  0.13658086E+01
  0.53111316E+01 -0.12920046E+01
  0.53111316E+01  0.13672897E+01
  0.53211527E+01 -0.13111367E+01
  0.53211527E+01  0.13687448E+01
  0.53311737E+01 -0.13298497E+01
  0.53311737E+01  0.13701732E+01
  0.53411947E+01 -0.13481395E+01
  0.53411947E+01  0.13715745E+01
  0.53512158E+01 -0.13660020E+01
  0.53512158E+01  0.13729483E+01
  0.53612368E+01 -0.13834335E+01
  0.53612368E+01  0.13742939E+01
  0.53712578E+01 -0.14004302E+01
  0.53712578E+01  0.13756108E+01
  0.53812788E+01 -0.14169883E+01
  0.53812788E+01  0.13768987E+01
  0.53912999E+01 -0.14331043E+01
  0.53912999E+01  0.13781570E+01
  0.54013209E+01 -0.14487746E+01
  0.54013209E+01  0.13793852E+01
  0.54113419E+01 -0.14639961E+01
  0.54113419E+01  0.13805828E+01
  0.54213630E+01 -0.14787653E+01
  0.54213630E+01  0.13817493E+01
  0.54313840E+01 -0.14930791E+01
  0.54313840E+01  0.13828843E+01
  0.54414050E+01 -0.15069346E+01
  0.54414050E+01  0.13839873E+01
  0.54514260E+01 -0.15203287E+01
  0.54514260E+01  0.13850577E+01
  0.54614471E+01 -0.15332587E+01
  0.54614471E+01  0.13860952E+01
  0.54714681E+01 -0.15457218E+01
  0.54714681E+01  0.13870992E+01
  0.54814891E+01 -0.15577155E+01
  0.54814891E+01  0.13880693E+01
  0.54915102E+01 -0.15692373E+01
  0.54915102E+01  0.13890049E+01
  0.55015312E+01 -0.15802848E+01
  0.55015312E+01  0.13899058E+01
  0.55115522E+01 -0.15908557E+01
  0.55115522E+01  0.13907713E+01
  0.55215732E+01 -0.16009479E+01
  0.55215732E+01  0.13916010E+01
  0.55315943E+01 -0.16105594E+01
  0.55315943E+01  0.13923944E+01
  0.55416153E+01 -0.16196883E+01
  0.55416153E+01  0.13931512E+01
  0.55516363E+01 -0.16283328E+01
  0.55516363E+01  0.13938709E+01
  0.55616574E+01 -0.16364912E+01
  0.55616574E+01  0.13945529E+01
  0.55716784E+01 -0.16441619E+01
  0.55716784E+01  0.13951969E+01
  0.55816994E+01 -0.16513434E+01
  0.55816994E+01  0.13958024E+01
  0.55917205E+01 -0.16580346E+01
  0.55917205E+01  0.13963691E+01
  0.56017415E+01 -0.16642341E+01
  0.56017415E+01  0.13968963E+01
  0.56117625E+01 -0.16699408E+01
  0.56117625E+01  0.13973838E+01
  0.56217835E+01 -0.16751539E+01
  0.56217835E+01  0.13978311E+01
  0.56318046E+01 -0.16798723E+01
  0.56318046E+01  0.13982377E+01
  0.56418256E+01 -0.16840954E+01
  0.56418256E+01  0.13986032E+01
  0.56518466E+01 -0.16878227E+01
  0.56518466E+01  0.13989273E+01
  0.56618677E+01 -0.16910534E+01
  0.56618677E+01  0.13992095E+01
  0.56718887E+01 -0.16937874E+01
  0.56718887E+01  0.13994494E+01
  0.56819097E+01 -0.16960243E+01
  0.56819097E+01  0.13996466E+01
  0.56919307E+01 -0.16977639E+01
  0.56919307E+01  0.13998006E+01
  0.57019518E+01 -0.16990064E+01
  0.57019518E+01  0.13999111E+01
  0.57119728E+01 -0.16997516E+01
  0.57119728E+01  0.13999777E+01
  0.57219938E+01 -0.17000000E+01
  0.57219938E+01  0.14000000E+01
  0.57319909E+01 -0.16997530E+01
  0.57319909E+01  0.13999777E+01
  0.57419881E+01 -0.16990121E+01
  0.57419881E+01  0.13999105E+01
  0.57519852E+01 -0.16977781E+01
  0.57519852E+01  0.13997981E+01
  0.57619823E+01 -0.16960516E+01
  0.57619823E+01  0.13996400E+01
  0.57719794E+01 -0.16938334E+01
  0.57719794E+01  0.13994359E+01
  0.57819765E+01 -0.16911244E+01
  0.57819765E+01  0.13991855E+01
  0.57919736E+01 -0.16879257E+01
  0.57919736E+01  0.13988884E+01
  0.58019707E+01 -0.16842384E+01
  0.58019707E+01  0.13985441E+01
  0.58119678E+01 -0.16800638E+01
  0.58119678E+01  0.13981524E+01
  0.58219650E+01 -0.16754033E+01
  0.58219650E+01  0.13977129E+01
  0.58319621E+01 -0.16702585E+01
  0.58319621E+01  0.13972253E+01
  0.58419592E+01 -0.16646309E+01
  0.58419592E+01  0.13966892E+01
  0.58519563E+01 -0.16585223E+01
  0.58519563E+01  0.13961043E+01
  0.58619534E+01 -0.16519345E+01
  0.58619534E+01  0.13954702E+01
  0.58719505E+01 -0.16448696E+01
  0.58719505E+01  0.13947866E+01
  0.58819476E+01 -0.16373296E+01
  0.58819476E+01  0.13940533E+01
  0.58919447E+01 -0.16293168E+01
  0.58919447E+01  0.13932698E+01
  0.59019419E+01 -0.16208334E+01
  0.59019419E+01  0.13924358E+01
  0.59119390E+01 -0.16118820E+01
  0.59119390E+01  0.13915512E+01
  0.59219361E+01 -0.16024649E+01
  0.59219361E+01  0.13906155E+01
  0.59319332E+01 -0.15925850E+01
  0.59319332E+01  0.13896284E+01
  0.59419303E+01 -0.15822450E+01
  0.59419303E+01  0.13885897E+01
  0.59519274E+01 -0.15714477E+01
  0.59519274E+01  0.13874991E+01
  0.59619245E+01 -0.15601963E+01
  0.59619245E+01  0.13863562E+01
  0.59719216E+01 -0.15484937E+01
  0.59719216E+01  0.13851609E+01
  0.59819188E+01 -0.15363432E+01
  0.59819188E+01  0.13839128E+01
  0.59919159E+01 -0.15237482E+01
  0.59919159E+01  0.13826117E+01
  0.60019130E+01 -0.15107120E+01
  0.60019130E+01  0.13812573E+01
  0.60119101E+01 -0.14972383E+01
  0.60119101E+01  0.13798493E+01
  0.60219072E+01 -0.14833306E+01
  0.60219072E+01  0.13783875E+01
  0.60319043E+01 -0.14689928E+01
  0.60319043E+01  0.13768717E+01
  0.60419014E+01 -0.14542287E+01
  0.60419014E+01  0.13753017E+01
  0.60518985E+01 -0.14390422E+01
  0.60518985E+01  0.13736771E+01
  0.60618957E+01 -0.14234375E+01
  0.60618957E+01  0.13719977E+01
  0.60718928E+01 -0.14074188E+01
  0.60718928E+01  0.13702635E+01
  0.60818899E+01 -0.13909902E+01
  0.60818899E+01  0.13684740E+01
  0.60918870E+01 -0.13741563E+01
  0.60918870E+01  0.13666292E+01
  0.61018841E+01 -0.13569215E+01
  0.61018841E+01  0.13647288E+01
  0.61118812E+01 -0.13392903E+01
  0.61118812E+01  0.13627727E+01
  0.61218783E+01 -0.13212675E+01
  0.61218783E+01  0.13607606E+01
  0.61318754E+01 -0.13028578E+01
  0.61318754E+01  0.13586923E+01
  0.61418726E+01 -0.12840662E+01
  0.61418726E+01  0.13565678E+01
  0.61518697E+01 -0.12648975E+01
  0.61518697E+01  0.13543868E+01
  0.61618668E+01 -0.12453570E+01
  0.61618668E+01  0.13521492E+01
  0.61718639E+01 -0.12254496E+01
  0.61718639E+01  0.13498548E+01
  0.61818610E+01 -0.12051808E+01
  0.61818610E+01  0.13475035E+01
  0.61918581E+01 -0.11845558E+01
  0.61918581E+01  0.13450952E+01
  0.62018552E+01 -0.11635802E+01
  0.62018552E+01  0.13426297E+01
  0.62118524E+01 -0.11422594E+01
  0.62118524E+01  0.13401069E+01
  0.62218495E+01 -0.11205990E+01
  0.62218495E+01  0.13375267E+01
  0.62318466E+01 -0.10986048E+01
  0.62318466E+01  0.13348891E+01
  0.62418437E+01 -0.10762826E+01
  0.62418437E+01  0.13321939E+01
  0.62518408E+01 -0.10536383E+01
  0.62518408E+01  0.13294411E+01
  0.62618379E+01 -0.10306779E+01
  0.62618379E+01  0.13266305E+01
  0.62718350E+01 -0.10074073E+01
  0.62718350E+01  0.13237622E+01
  0.62818321E+01 -0.98383281E+00
  0.62818321E+01  0.13208361E+01
  0.62918293E+01 -0.95996059E+00
  0.62918293E+01  0.13178522E+01
  0.63018264E+01 -0.93579697E+00
  0.63018264E+01  0.13148104E+01
  0.63118235E+01 -0.91134833E+00
  0.63118235E+01  0.13117107E+01
  0.63218206E+01 -0.88662114E+00
  0.63218206E+01  0.13085531E+01
  0.63318177E+01 -0.86162196E+00
  0.63318177E+01  0.13053377E+01
  0.63418148E+01 -0.83635740E+00
  0.63418148E+01  0.13020645E+01
  0.63518119E+01 -0.81083419E+00
  0.63518119E+01  0.12987336E+01
  0.63618090E+01 -0.78505910E+00
  0.63618090E+01  0.12953449E+01
  0.63718062E+01 -0.75903900E+00
  0.63718062E+01  0.12918986E+01
  0.63818033E+01 -0.73278082E+00
  0.63818033E+01  0.12883948E+01
  0.63918004E+01 -0.70629157E+00
  0.63918004E+01  0.12848336E+01
  0.64017975E+01 -0.67957834E+00
  0.64017975E+01  0.12812151E+01
  0.64117946E+01 -0.65264830E+00
  0.64117946E+01  0.12775395E+01
  0.64217917E+01 -0.62550868E+00
  0.64217917E+01  0.12738069E+01
  0.64317888E+01 -0.59816679E+00
  0.64317888E+01  0.12700177E+01
  0.64417859E+01 -0.57063002E+00
  0.64417859E+01  0.12661719E+01
  0.64517831E+01 -0.54290584E+00
  0.64517831E+01  0.12622699E+01
  0.64617802E+01 -0.51500177E+00
  0.64617802E+01  0.12583120E+01
  0.64717773E+01 -0.48692544E+00
  0.64717773E+01  0.12542984E+01
  0.64817744E+01 -0.45868454E+00
  0.64817744E+01  0.12502296E+01
  0.64917715E+01 -0.43028683E+00
  0.64917715E+01  0.12461059E+01
  0.65017686E+01 -0.40174017E+00
  0.65017686E+01  0.12419278E+01
  0.65117657E+01 -0.37305250E+00
  0.65117657E+01  0.12376957E+01
  0.65217628E+01 -0.34423183E+00
  0.65217628E+01  0.12334102E+01
  0.65317600E+01 -0.31528627E+00
  0.65317600E+01  0.12290718E+01
  0.65417571E+01 -0.28622404E+00
  0.65417571E+01  0.12246813E+01
  0.65517542E+01 -0.25705341E+00
  0.65517542E+01  0.12202393E+01
  0.65617513E+01 -0.22778281E+00
  0.65617513E+01  0.12157466E+01
  0.65717484E+01 -0.19842074E+00
  0.65717484E+01  0.12112041E+01
  0.65817455E+01 -0.16897584E+00
  0.65817455E+01  0.12066128E+01
  0.65917426E+01 -0.13945685E+00
  0.65917426E+01  0.12019737E+01
  0.66017397E+01 -0.10987268E+00
  0.66017397E+01  0.11972881E+01
  0.66117369E+01 -0.80232382E-01
  0.66117369E+01  0.11925571E+01
  0.66217340E+01 -0.50545163E-01
  0.66217340E+01  0.11877824E+01
  0.66317311E+01 -0.20820426E-01
  0.66317311E+01  0.11829655E+01
  0.66417282E+01  0.89322181E-02
  0.66417282E+01  0.11781083E+01
  0.66517253E+01  0.38702926E-01
  0.66517253E+01  0.11732127E+01
  0.66617224E+01  0.68481587E-01
  0.66617224E+01  0.11682812E+01
  0.66717195E+01  0.98257787E-01
  0.66717195E+01  0.11633164E+01
  0.66817166E+01  0.12802076E+00
  0.66817166E+01  0.11583211E+01
  0.66917138E+01  0.15775934E+00
  0.66917138E+01  0.11532987E+01
  0.67017109E+01  0.18746188E+00
  0.67017109E+01  0.11482530E+01
  0.67117080E+01  0.21711619E+00
  0.67117080E+01  0.11431884E+01
  0.67217051E+01  0.24670942E+00
  0.67217051E+01  0.11381100E+01
  0.67317022E+01  0.27622794E+00
  0.67317022E+01  0.11330234E+01
  0.67416993E+01  0.30565720E+00
  0.67416993E+01  0.11279354E+01
  0.67516964E+01  0.33498154E+00
  0.67516964E+01  0.11228539E+01
  0.67616935E+01  0.36418392E+00
  0.67616935E+01  0.11177881E+01
  0.67716907E+01  0.39324566E+00
  0.67716907E+01  0.11127488E+01
  0.67816878E+01  0.42214607E+00
  0.67816878E+01  0.11077490E+01
  0.67916849E+01  0.45086192E+00
  0.67916849E+01  0.11028041E+01
  0.68016820E+01  0.47936685E+00
  0.68016820E+01  0.10979327E+01
  0.68116791E+01  0.50763058E+00
  0.68116791E+01  0.10931573E+01
  0.68216762E+01  0.53561785E+00
  0.68216762E+01  0.10885055E+01
  0.68316733E+01  0.56328707E+00
  0.68316733E+01  0.10840110E+01
  0.68416704E+01  0.59058856E+00
  0.68416704E+01  0.10797160E+01
  0.68516676E+01  0.61746218E+00
  0.68516676E+01  0.10756728E+01
  0.68616647E+01  0.64383437E+00
  0.68616647E+01  0.10719474E+01
  0.68716618E+01  0.66961422E+00
  0.68716618E+01  0.10686231E+01
  0.68816589E+01  0.69468859E+00
  0.68816589E+01  0.10658054E+01
  0.68916560E+01  0.71891629E+00
  0.68916560E+01  0.10636280E+01
  0.69016531E+01  0.74212176E+00
  0.69016531E+01  0.10622589E+01
  0.69116502E+01  0.76408954E+00
  0.69116502E+01  0.10619060E+01
  0.69216474E+01  0.78456251E+00
  0.69216474E+01  0.10628190E+01
  0.69316445E+01  0.80324873E+00
  0.69316445E+01  0.10652825E+01
  0.69416416E+01  0.81984339E+00
  0.69416416E+01  0.10695938E+01
  0.69516387E+01  0.83406986E+00
  0.69516387E+01  0.10760223E+01
  0.69616358E+01  0.84573468E+00
  0.69616358E+01  0.10847541E+01
  0.69716329E+01  0.85477712E+00
  0.69716329E+01  0.10958426E+01
  0.69816300E+01  0.86128803E+00
  0.69816300E+01  0.11091900E+01
  0.69916271E+01  0.86548658E+00
  0.69916271E+01  0.11245697E+01
  0.70016243E+01  0.86766807E+00
  0.70016243E+01  0.11416794E+01
  0.70116214E+01  0.86814876E+00
  0.70116214E+01  0.11601958E+01
  0.70216185E+01  0.86722594E+00
  0.70216185E+01  0.11798146E+01
  0.70316156E+01  0.86515767E+00
  0.70316156E+01  0.12002708E+01
  0.70416127E+01  0.86215733E+00
  0.70416127E+01  0.12213441E+01
  0.70516098E+01  0.85839649E+00
  0.70516098E+01  0.12428560E+01
  0.70616069E+01  0.85401111E+00
  0.70616069E+01  0.12646639E+01
  0.70716040E+01  0.84910830E+00
  0.70716040E+01  0.12866540E+01
  0.70816012E+01  0.84377246E+00
  0.70816012E+01  0.13087351E+01
  0.70915983E+01  0.83807031E+00
  0.70915983E+01  0.13308340E+01
  0.71015954E+01  0.83205490E+00
  0.71015954E+01  0.13528910E+01
  0.71115925E+01  0.82576870E+00
  0.71115925E+01  0.13748574E+01
  0.71215896E+01  0.81924599E+00
  0.71215896E+01  0.13966923E+01
  0.71315867E+01  0.81251463E+00
  0.71315867E+01  0.14183617E+01
  0.71415838E+01  0.80559746E+00
  0.71415838E+01  0.14398365E+01
  0.71515809E+01  0.79851337E+00
  0.71515809E+01  0.14610915E+01
  0.71615781E+01  0.79127805E+00
  0.71615781E+01  0.14821050E+01
  0.71715752E+01  0.78390470E+00
  0.71715752E+01  0.15028578E+01
  0.71815723E+01  0.77640446E+00
  0.71815723E+01  0.15233328E+01
  0.71915694E+01  0.76878679E+00
  0.71915694E+01  0.15435147E+01
  0.72015665E+01  0.76105983E+00
  0.72015665E+01  0.15633896E+01
  0.72115636E+01  0.75323058E+00
  0.72115636E+01  0.15829447E+01
  0.72215607E+01  0.74530511E+00
  0.72215607E+01  0.16021685E+01
  0.72315578E+01  0.73728873E+00
  0.72315578E+01  0.16210500E+01
  0.72415550E+01  0.72918611E+00
  0.72415550E+01  0.16395791E+01
  0.72515521E+01  0.72100136E+00
  0.72515521E+01  0.16577464E+01
  0.72615492E+01  0.71273813E+00
  0.72615492E+01  0.16755430E+01
  0.72715463E+01  0.70439971E+00
  0.72715463E+01  0.16929603E+01
  0.72815434E+01  0.69598901E+00
  0.72815434E+01  0.17099905E+01
  0.72915405E+01  0.68750869E+00
  0.72915405E+01  0.17266259E+01
  0.73015376E+01  0.67896116E+00
  0.73015376E+01  0.17428591E+01
  0.73115347E+01  0.67034860E+00
  0.73115347E+01  0.17586832E+01
  0.73215319E+01  0.66167301E+00
  0.73215319E+01  0.17740915E+01
  0.73315290E+01  0.65293625E+00
  0.73315290E+01  0.17890775E+01
  0.73415261E+01  0.64414002E+00
  0.73415261E+01  0.18036350E+01
  0.73515232E+01  0.63528590E+00
  0.73515232E+01  0.18177581E+01
  0.73615203E+01  0.62637537E+00
  0.73615203E+01  0.18314409E+01
  0.73715174E+01  0.61740981E+00
  0.73715174E+01  0.18446779E+01
  0.73815145E+01  0.60839052E+00
  0.73815145E+01  0.18574637E+01
  0.73915116E+01  0.59931872E+00
  0.73915116E+01  0.18697931E+01
  0.74015088E+01  0.59019558E+00
  0.74015088E+01  0.18816609E+01
  0.74115059E+01  0.58102219E+00
  0.74115059E+01  0.18930624E+01
  0.74215030E+01  0.57179960E+00
  0.74215030E+01  0.19039929E+01
  0.74315001E+01  0.56252882E+00
  0.74315001E+01  0.19144477E+01
  0.74414972E+01  0.55321081E+00
  0.74414972E+01  0.19244224E+01
  0.74514943E+01  0.54384649E+00
  0.74514943E+01  0.19339128E+01
  0.74614914E+01  0.53443675E+00
  0.74614914E+01  0.19429148E+01
  0.74714885E+01  0.52498246E+00
  0.74714885E+01  0.19514244E+01
  0.74814857E+01  0.51548445E+00
  0.74814857E+01  0.19594377E+01
  0.74914828E+01  0.50594354E+00
  0.74914828E+01  0.19669511E+01
  0.75014799E+01  0.49636050E+00
  0.75014799E+01  0.19739609E+01
  0.75114770E+01  0.48673610E+00
  0.75114770E+01  0.19804638E+01
  0.75214741E+01  0.47707111E+00
  0.75214741E+01  0.19864565E+01
  0.75314712E+01  0.46736624E+00
  0.75314712E+01  0.19919358E+01
  0.75414683E+01  0.45762222E+00
  0.75414683E+01  0.19968986E+01
  0.75514654E+01  0.44783975E+00
  0.75514654E+01  0.20013422E+01
  0.75614626E+01  0.43801952E+00
  0.75614626E+01  0.20052636E+01
  0.75714597E+01  0.42816222E+00
  0.75714597E+01  0.20086604E+01
  0.75814568E+01  0.41826850E+00
  0.75814568E+01  0.20115299E+01
  0.75914539E+01  0.40833904E+00
  0.75914539E+01  0.20138699E+01
  0.76014510E+01  0.39837447E+00
  0.76014510E+01  0.20156781E+01
  0.76114481E+01  0.38837544E+00
  0.76114481E+01  0.20169524E+01
  0.76214452E+01  0.37834257E+00
  0.76214452E+01  0.20176908E+01
  0.76314423E+01  0.36827650E+00
  0.76314423E+01  0.20178915E+01
  0.76414395E+01  0.35817784E+00
  0.76414395E+01  0.20175528E+01
  0.76514366E+01  0.34804720E+00
  0.76514366E+01  0.20166730E+01
  0.76614337E+01  0.33788517E+00
  0.76614337E+01  0.20152508E+01
  0.76714308E+01  0.32769236E+00
  0.76714308E+01  0.20132848E+01
  0.76814279E+01  0.31746935E+00
  0.76814279E+01  0.20107738E+01
  0.76914250E+01  0.30721673E+00
  0.76914250E+01  0.20077168E+01
  0.77014221E+01  0.29693507E+00
  0.77014221E+01  0.20041128E+01
  0.77114193E+01  0.28662494E+00
  0.77114193E+01  0.19999611E+01
  0.77214164E+01  0.27628690E+00
  0.77214164E+01  0.19952610E+01
  0.77314135E+01  0.26592152E+00
  0.77314135E+01  0.19900120E+01
  0.77414106E+01  0.25552934E+00
  0.77414106E+01  0.19842137E+01
  0.77514077E+01  0.24511090E+00
  0.77514077E+01  0.19778658E+01
  0.77614048E+01  0.23466675E+00
  0.77614048E+01  0.19709682E+01
  0.77714019E+01  0.22419741E+00
  0.77714019E+01  0.19635209E+01
  0.77813990E+01  0.21370341E+00
  0.77813990E+01  0.19555240E+01
  0.77913962E+01  0.20318525E+00
  0.77913962E+01  0.19469779E+01
  0.78013933E+01  0.19264346E+00
  0.78013933E+01  0.19378829E+01
  0.78113904E+01  0.18207853E+00
  0.78113904E+01  0.19282395E+01
  0.78213875E+01  0.17149095E+00
  0.78213875E+01  0.19180486E+01
  0.78313846E+01  0.16088120E+00
  0.78313846E+01  0.19073108E+01
  0.78413817E+01  0.15024976E+00
  0.78413817E+01  0.18960271E+01
  0.78513788E+01  0.13959709E+00
  0.78513788E+01  0.18841986E+01
  0.78613759E+01  0.12892364E+00
  0.78613759E+01  0.18718266E+01
  0.78713731E+01  0.11822986E+00
  0.78713731E+01  0.18589123E+01
  0.78813702E+01  0.10751617E+00
  0.78813702E+01  0.18454574E+01
  0.78913673E+01  0.96782996E-01
  0.78913673E+01  0.18314634E+01
  0.79013644E+01  0.86030736E-01
  0.79013644E+01  0.18169321E+01
  0.79113615E+01  0.75259781E-01
  0.79113615E+01  0.18018654E+01
  0.79213586E+01  0.64470508E-01
  0.79213586E+01  0.17862654E+01
  0.79313557E+01  0.53663274E-01
  0.79313557E+01  0.17701342E+01
  0.79413528E+01  0.42838422E-01
  0.79413528E+01  0.17534743E+01
  0.79513500E+01  0.31996274E-01
  0.79513500E+01  0.17362880E+01
  0.79613471E+01  0.21137135E-01
  0.79613471E+01  0.17185781E+01
  0.79713442E+01  0.10261287E-01
  0.79713442E+01  0.17003472E+01
  0.79813413E+01 -0.63101027E-03
  0.79813413E+01  0.16815983E+01
  0.79913384E+01 -0.11539520E-01
  0.79913384E+01  0.16623345E+01
  0.80013355E+01 -0.22464033E-01
  0.80013355E+01  0.16425589E+01
  0.80113326E+01 -0.33404367E-01
  0.80113326E+01  0.16222748E+01
  0.80213297E+01 -0.44360369E-01
  0.80213297E+01  0.16014859E+01
  0.80313269E+01 -0.55331920E-01
  0.80313269E+01  0.15801956E+01
  0.80413240E+01 -0.66318933E-01
  0.80413240E+01  0.15584080E+01
  0.80513211E+01 -0.77321360E-01
  0.80513211E+01  0.15361268E+01
  0.80613182E+01 -0.88339194E-01
  0.80613182E+01  0.15133562E+01
  0.80713153E+01 -0.99372469E-01
  0.80713153E+01  0.14901005E+01
  0.80813124E+01 -0.11042127E+00
  0.80813124E+01  0.14663642E+01
  0.80913095E+01 -0.12148572E+00
  0.80913095E+01  0.14421518E+01
  0.81013066E+01 -0.13256602E+00
  0.81013066E+01  0.14174680E+01
  0.81113038E+01 -0.14366241E+00
  0.81113038E+01  0.13923180E+01
  0.81213009E+01 -0.15477519E+00
  0.81213009E+01  0.13667067E+01
  0.81312980E+01 -0.16590476E+00
  0.81312980E+01  0.13406395E+01
  0.81412951E+01 -0.17705156E+00
  0.81412951E+01  0.13141218E+01
  0.81512922E+01 -0.18821614E+00
  0.81512922E+01  0.12871594E+01
  0.81612893E+01 -0.19939912E+00
  0.81612893E+01  0.12597581E+01
  0.81712864E+01 -0.21060123E+00
  0.81712864E+01  0.12319240E+01
  0.81812835E+01 -0.22182329E+00
  0.81812835E+01  0.12036634E+01
  0.81912807E+01 -0.23306626E+00
  0.81912807E+01  0.11749829E+01
  0.82012778E+01 -0.24433120E+00
  0.82012778E+01  0.11458891E+01
  0.82112749E+01 -0.25561934E+00
  0.82112749E+01  0.11163891E+01
  0.82212720E+01 -0.26693204E+00
  0.82212720E+01  0.10864901E+01
  0.82312691E+01 -0.27827082E+00
  0.82312691E+01  0.10561996E+01
  0.82412662E+01 -0.28963742E+00
  0.82412662E+01  0.10255254E+01
  0.82512633E+01 -0.30103374E+00
  0.82512633E+01  0.99447568E+00
  0.82612604E+01 -0.31246192E+00
  0.82612604E+01  0.96305880E+00
  0.82712576E+01 -0.32392436E+00
  0.82712576E+01  0.93128352E+00
  0.82812547E+01 -0.33542372E+00
  0.82812547E+01  0.89915898E+00
  0.82912518E+01 -0.34696295E+00
  0.82912518E+01  0.86669472E+00
  0.83012489E+01 -0.35854535E+00
  0.83012489E+01  0.83390067E+00
  0.83112460E+01 -0.37017459E+00
  0.83112460E+01  0.80078727E+00
  0.83212431E+01 -0.38185475E+00
  0.83212431E+01  0.76736541E+00
  0.83312402E+01 -0.39359035E+00
  0.83312402E+01  0.73364658E+00
  0.83412373E+01 -0.40538646E+00
  0.83412373E+01  0.69964283E+00
  0.83512345E+01 -0.41724869E+00
  0.83512345E+01  0.66536689E+00
  0.83612316E+01 -0.42918331E+00
  0.83612316E+01  0.63083220E+00
  0.83712287E+01 -0.44119728E+00
  0.83712287E+01  0.59605301E+00
  0.83812258E+01 -0.45329839E+00
  0.83812258E+01  0.56104444E+00
  0.83912229E+01 -0.46549531E+00
  0.83912229E+01  0.52582261E+00
  0.84012200E+01 -0.47779774E+00
  0.84012200E+01  0.49040472E+00
  0.84112171E+01 -0.49021651E+00
  0.84112171E+01  0.45480918E+00
  0.84212142E+01 -0.50276371E+00
  0.84212142E+01  0.41905576E+00
  0.84312114E+01 -0.51545290E+00
  0.84312114E+01  0.38316575E+00
  0.84412085E+01 -0.52829925E+00
  0.84412085E+01  0.34716212E+00
  0.84512056E+01 -0.54131973E+00
  0.84512056E+01  0.31106974E+00
  0.84612027E+01 -0.55453338E+00
  0.84612027E+01  0.27491558E+00
  0.84711998E+01 -0.56796152E+00
  0.84711998E+01  0.23872899E+00
  0.84811969E+01 -0.58162801E+00
  0.84811969E+01  0.20254192E+00
  0.84911940E+01 -0.59555960E+00
  0.84911940E+01  0.16638925E+00
  0.85011912E+01 -0.60978615E+00
  0.85011912E+01  0.13030907E+00
  0.85111883E+01 -0.62434101E+00
  0.85111883E+01  0.94343005E-01
  0.85211854E+01 -0.63926130E+00
  0.85211854E+01  0.58536501E-01
  0.85311825E+01 -0.65458821E+00
  0.85311825E+01  0.22939127E-01
  0.85411796E+01 -0.67036718E+00
  0.85411796E+01 -0.12395204E-01
  0.85511767E+01 -0.68664812E+00
  0.85511767E+01 -0.47408095E-01
  0.85611738E+01 -0.70348536E+00
  0.85611738E+01 -0.82036661E-01
  0.85711709E+01 -0.72093746E+00
  0.85711709E+01 -0.11621372E+00
  0.85811681E+01 -0.73906681E+00
  0.85811681E+01 -0.14986825E+00
  0.85911652E+01 -0.75793879E+00
  0.85911652E+01 -0.18292616E+00
  0.86011623E+01 -0.77762058E+00
  0.86011623E+01 -0.21531150E+00
  0.86111594E+01 -0.79817962E+00
  0.86111594E+01 -0.24694806E+00
  0.86211565E+01 -0.81968147E+00
  0.86211565E+01 -0.27776144E+00
  0.86311536E+01 -0.84218744E+00
  0.86311536E+01 -0.30768145E+00
  0.86411507E+01 -0.86575188E+00
  0.86411507E+01 -0.33664483E+00
  0.86511478E+01 -0.89041952E+00
  0.86511478E+01 -0.36459789E+00
  0.86611450E+01 -0.91622305E+00
  0.86611450E+01 -0.39149896E+00
  0.86711421E+01 -0.94318116E+00
  0.86711421E+01 -0.41732033E+00
  0.86811392E+01 -0.97129746E+00
  0.86811392E+01 -0.44204935E+00
  0.86911363E+01 -0.10005602E+01
  0.86911363E+01 -0.46568862E+00
  0.87011334E+01 -0.10309433E+01
  0.87011334E+01 -0.48825526E+00
  0.87111305E+01 -0.10624075E+01
  0.87111305E+01 -0.50977930E+00
  0.87211276E+01 -0.10949028E+01
  0.87211276E+01 -0.53030152E+00
  0.87311247E+01 -0.11283712E+01
  0.87311247E+01 -0.54987087E+00
  0.87411219E+01 -0.11627488E+01
  0.87411219E+01 -0.56854193E+00
  0.87511190E+01 -0.11979688E+01
  0.87511190E+01 -0.58637244E+00
  0.87611161E+01 -0.12339629E+01
  0.87611161E+01 -0.60342122E+00
  0.87711132E+01 -0.12706639E+01
  0.87711132E+01 -0.61974645E+00
  0.87811103E+01 -0.13080063E+01
  0.87811103E+01 -0.63540436E+00
  0.87911074E+01 -0.13459273E+01
  0.87911074E+01 -0.65044834E+00
  0.88011045E+01 -0.13843677E+01
  0.88011045E+01 -0.66492835E+00
  0.88111016E+01 -0.14232721E+01
  0.88111016E+01 -0.67889062E+00
  0.88210988E+01 -0.14625887E+01
  0.88210988E+01 -0.69237755E+00
  0.88310959E+01 -0.15022696E+01
  0.88310959E+01 -0.70542776E+00
  0.88410930E+01 -0.15422705E+01
  0.88410930E+01 -0.71807623E+00
  0.88510901E+01 -0.15825506E+01
  0.88510901E+01 -0.73035453E+00
  0.88610872E+01 -0.16230721E+01
  0.88610872E+01 -0.74229106E+00
  0.88710843E+01 -0.16638004E+01
  0.88710843E+01 -0.75391131E+00
  0.88810814E+01 -0.17047032E+01
  0.88810814E+01 -0.76523815E+00
  0.88910785E+01 -0.17457509E+01
  0.88910785E+01 -0.77629205E+00
  0.89010757E+01 -0.17869158E+01
  0.89010757E+01 -0.78709132E+00
  0.89110728E+01 -0.18281722E+01
  0.89110728E+01 -0.79765239E+00
  0.89210699E+01 -0.18694964E+01
  0.89210699E+01 -0.80798995E+00
  0.89310670E+01 -0.19108657E+01
  0.89310670E+01 -0.81811716E+00
  0.89410641E+01 -0.19522594E+01
  0.89410641E+01 -0.82804582E+00
  0.89510612E+01 -0.19936575E+01
  0.89510612E+01 -0.83778652E+00
  0.89610583E+01 -0.20350415E+01
  0.89610583E+01 -0.84734876E+00
  0.89710554E+01 -0.20763937E+01
  0.89710554E+01 -0.85674109E+00
  0.89810526E+01 -0.21176972E+01
  0.89810526E+01 -0.86597118E+00
  0.89910497E+01 -0.21589362E+01
  0.89910497E+01 -0.87504596E+00
  0.90010468E+01 -0.22000953E+01
  0.90010468E+01 -0.88397165E+00
  0.90110439E+01 -0.22411598E+01
  0.90110439E+01 -0.89275387E+00
  0.90210410E+01 -0.22821158E+01
  0.90210410E+01 -0.90139769E+00
  0.90310381E+01 -0.23229496E+01
  0.90310381E+01 -0.90990771E+00
  0.90410352E+01 -0.23636483E+01
  0.90410352E+01 -0.91828806E+00
  0.90510323E+01 -0.24041992E+01
  0.90510323E+01 -0.92654249E+00
  0.90610295E+01 -0.24445901E+01
  0.90610295E+01 -0.93467440E+00
  0.90710266E+01 -0.24848092E+01
  0.90710266E+01 -0.94268687E+00
  0.90810237E+01 -0.25248448E+01
  0.90810237E+01 -0.95058267E+00
  0.90910208E+01 -0.25646858E+01
  0.90910208E+01 -0.95836435E+00
  0.91010179E+01 -0.26043213E+01
  0.91010179E+01 -0.96603419E+00
  0.91110150E+01 -0.26437405E+01
  0.91110150E+01 -0.97359427E+00
  0.91210121E+01 -0.26829330E+01
  0.91210121E+01 -0.98104650E+00
  0.91310092E+01 -0.27218887E+01
  0.91310092E+01 -0.98839257E+00
  0.91410064E+01 -0.27605975E+01
  0.91410064E+01 -0.99563405E+00
  0.91510035E+01 -0.27990496E+01
  0.91510035E+01 -0.10027723E+01
  0.91610006E+01 -0.28372354E+01
  0.91610006E+01 -0.10098087E+01
  0.91709977E+01 -0.28751456E+01
  0.91709977E+01 -0.10167444E+01
  0.91809948E+01 -0.29127708E+01
  0.91809948E+01 -0.10235804E+01
  0.91909919E+01 -0.29501020E+01
  0.91909919E+01 -0.10303176E+01
  0.92009890E+01 -0.29871303E+01
  0.92009890E+01 -0.10369570E+01
  0.92109861E+01 -0.30238468E+01
  0.92109861E+01 -0.10434993E+01
  0.92209833E+01 -0.30602429E+01
  0.92209833E+01 -0.10499453E+01
  0.92309804E+01 -0.30963102E+01
  0.92309804E+01 -0.10562954E+01
  0.92409775E+01 -0.31320403E+01
  0.92409775E+01 -0.10625505E+01
  0.92509746E+01 -0.31674249E+01
  0.92509746E+01 -0.10687108E+01
  0.92609717E+01 -0.32024560E+01
  0.92609717E+01 -0.10747770E+01
  0.92709688E+01 -0.32371256E+01
  0.92709688E+01 -0.10807494E+01
  0.92809659E+01 -0.32714258E+01
  0.92809659E+01 -0.10866284E+01
  0.92909631E+01 -0.33053489E+01
  0.92909631E+01 -0.10924142E+01
  0.93009602E+01 -0.33388874E+01
  0.93009602E+01 -0.10981073E+01
  0.93109573E+01 -0.33720336E+01
  0.93109573E+01 -0.11037079E+01
  0.93209544E+01 -0.34047804E+01
  0.93209544E+01 -0.11092161E+01
  0.93309515E+01 -0.34371203E+01
  0.93309515E+01 -0.11146322E+01
  0.93409486E+01 -0.34690463E+01
  0.93409486E+01 -0.11199563E+01
  0.93509457E+01 -0.35005514E+01
  0.93509457E+01 -0.11251886E+01
  0.93609428E+01 -0.35316286E+01
  0.93609428E+01 -0.11303292E+01
  0.93709400E+01 -0.35622712E+01
  0.93709400E+01 -0.11353782E+01
  0.93809371E+01 -0.35924724E+01
  0.93809371E+01 -0.11403356E+01
  0.93909342E+01 -0.36222257E+01
  0.93909342E+01 -0.11452016E+01
  0.94009313E+01 -0.36515247E+01
  0.94009313E+01 -0.11499762E+01
  0.94109284E+01 -0.36803630E+01
  0.94109284E+01 -0.11546593E+01
  0.94209255E+01 -0.37087343E+01
  0.94209255E+01 -0.11592511E+01
  0.94309226E+01 -0.37366325E+01
  0.94309226E+01 -0.11637515E+01
  0.94409197E+01 -0.37640517E+01
  0.94409197E+01 -0.11681606E+01
  0.94509169E+01 -0.37909860E+01
  0.94509169E+01 -0.11724782E+01
  0.94609140E+01 -0.38174295E+01
  0.94609140E+01 -0.11767044E+01
  0.94709111E+01 -0.38433766E+01
  0.94709111E+01 -0.11808392E+01
  0.94809082E+01 -0.38688217E+01
  0.94809082E+01 -0.11848825E+01
  0.94909053E+01 -0.38937595E+01
  0.94909053E+01 -0.11888343E+01
  0.95009024E+01 -0.39181846E+01
  0.95009024E+01 -0.11926944E+01
  0.95108995E+01 -0.39420917E+01
  0.95108995E+01 -0.11964629E+01
  0.95208966E+01 -0.39654759E+01
  0.95208966E+01 -0.12001397E+01
  0.95308938E+01 -0.39883321E+01
  0.95308938E+01 -0.12037248E+01
  0.95408909E+01 -0.40106555E+01
  0.95408909E+01 -0.12072180E+01
  0.95508880E+01 -0.40324412E+01
  0.95508880E+01 -0.12106193E+01
  0.95608851E+01 -0.40536849E+01
  0.95608851E+01 -0.12139286E+01
  0.95708822E+01 -0.40743818E+01
  0.95708822E+01 -0.12171458E+01
  0.95808793E+01 -0.40945276E+01
  0.95808793E+01 -0.12202709E+01
  0.95908764E+01 -0.41141182E+01
  0.95908764E+01 -0.12233037E+01
  0.96008735E+01 -0.41331492E+01
  0.96008735E+01 -0.12262443E+01
  0.96108707E+01 -0.41516168E+01
  0.96108707E+01 -0.12290925E+01
  0.96208678E+01 -0.41695170E+01
  0.96208678E+01 -0.12318482E+01
  0.96308649E+01 -0.41868460E+01
  0.96308649E+01 -0.12345114E+01
  0.96408620E+01 -0.42036002E+01
  0.96408620E+01 -0.12370819E+01
  0.96508591E+01 -0.42197760E+01
  0.96508591E+01 -0.12395598E+01
  0.96608562E+01 -0.42353701E+01
  0.96608562E+01 -0.12419449E+01
  0.96708533E+01 -0.42503792E+01
  0.96708533E+01 -0.12442371E+01
  0.96808504E+01 -0.42648000E+01
  0.96808504E+01 -0.12464364E+01
  0.96908476E+01 -0.42786296E+01
  0.96908476E+01 -0.12485427E+01
  0.97008447E+01 -0.42918650E+01
  0.97008447E+01 -0.12505559E+01
  0.97108418E+01 -0.43045036E+01
  0.97108418E+01 -0.12524760E+01
  0.97208389E+01 -0.43165425E+01
  0.97208389E+01 -0.12543029E+01
  0.97308360E+01 -0.43279793E+01
  0.97308360E+01 -0.12560365E+01
  0.97408331E+01 -0.43388116E+01
  0.97408331E+01 -0.12576767E+01
  0.97508302E+01 -0.43490372E+01
  0.97508302E+01 -0.12592236E+01
  0.97608273E+01 -0.43586538E+01
  0.97608273E+01 -0.12606770E+01
  0.97708245E+01 -0.43676594E+01
  0.97708245E+01 -0.12620369E+01
  0.97808216E+01 -0.43760522E+01
  0.97808216E+01 -0.12633032E+01
  0.97908187E+01 -0.43838303E+01
  0.97908187E+01 -0.12644760E+01
  0.98008158E+01 -0.43909923E+01
  0.98008158E+01 -0.12655551E+01
  0.98108129E+01 -0.43975365E+01
  0.98108129E+01 -0.12665405E+01
  0.98208100E+01 -0.44034616E+01
  0.98208100E+01 -0.12674321E+01
  0.98308071E+01 -0.44087663E+01
  0.98308071E+01 -0.12682300E+01
  0.98408042E+01 -0.44134496E+01
  0.98408042E+01 -0.12689341E+01
  0.98508014E+01 -0.44175104E+01
  0.98508014E+01 -0.12695444E+01
  0.98607985E+01 -0.44209479E+01
  0.98607985E+01 -0.12700608E+01
  0.98707956E+01 -0.44237614E+01
  0.98707956E+01 -0.12704834E+01
  0.98807927E+01 -0.44259503E+01
  0.98807927E+01 -0.12708121E+01
  0.98907898E+01 -0.44275141E+01
  0.98907898E+01 -0.12710468E+01
  0.99007869E+01 -0.44284525E+01
  0.99007869E+01 -0.12711877E+01
  0.99107840E+01 -0.44287653E+01
  0.99107840E+01 -0.12712347E+01
