  0.00000000E+00 -0.24000000E+01
  0.10005072E-01 -0.23999299E+01
  0.20010144E-01 -0.23997197E+01
  0.30015216E-01 -0.23993694E+01
  0.40020289E-01 -0.23988790E+01
  0.50025361E-01 -0.23982486E+01
  0.60030433E-01 -0.23974782E+01
  0.70035505E-01 -0.23965679E+01
  0.80040577E-01 -0.23955178E+01
  0.90045649E-01 -0.23943281E+01
  0.10005072E+00 -0.23929987E+01
  0.11005579E+00 -0.23915300E+01
  0.12006087E+00 -0.23899219E+01
  0.13006594E+00 -0.23881747E+01
  0.14007101E+00 -0.23862885E+01
  0.15007608E+00 -0.23842636E+01
  0.16008115E+00 -0.23821001E+01
  0.17008623E+00 -0.23797982E+01
  0.18009130E+00 -0.23773583E+01
  0.19009637E+00 -0.23747804E+01
  0.20010144E+00 -0.23720650E+01
  0.21010652E+00 -0.23692122E+01
  0.22011159E+00 -0.23662223E+01
  0.23011666E+00 -0.23630957E+01
  0.24012173E+00 -0.23598326E+01
  0.25012680E+00 -0.23564335E+01
  0.26013188E+00 -0.23528985E+01
  0.27013695E+00 -0.23492281E+01
  0.28014202E+00 -0.23454227E+01
  0.29014709E+00 -0.23414825E+01
  0.30015216E+00 -0.23374081E+01
  0.31015724E+00 -0.23331998E+01
  0.32016231E+00 -0.23288581E+01
  0.33016738E+00 -0.23243833E+01
  0.34017245E+00 -0.23197760E+01
  0.35017753E+00 -0.23150366E+01
  0.36018260E+00 -0.23101655E+01
  0.37018767E+00 -0.23051633E+01
  0.38019274E+00 -0.23000304E+01
  0.39019781E+00 -0.22947674E+01
  0.40020289E+00 -0.22893748E+01
  0.41020796E+00 -0.22838531E+01
  0.42021303E+00 -0.22782029E+01
  0.43021810E+00 -0.22724247E+01
  0.44022317E+00 -0.22665192E+01
  0.45022825E+00 -0.22604869E+01
  0.46023332E+00 -0.22543284E+01
  0.47023839E+00 -0.22480444E+01
  0.48024346E+00 -0.22416355E+01
  0.49024854E+00 -0.22351022E+01
  0.50025361E+00 -0.22284453E+01
  0.51025868E+00 -0.22216655E+01
  0.52026375E+00 -0.22147633E+01
  0.53026882E+00 -0.22077396E+01
  0.54027390E+00 -0.22005950E+01
  0.55027897E+00 -0.21933301E+01
  0.56028404E+00 -0.21859459E+01
  0.57028911E+00 -0.21784429E+01
  0.58029418E+00 -0.21708220E+01
  0.59029926E+00 -0.21630838E+01
  0.60030433E+00 -0.21552292E+01
  0.61030940E+00 -0.21472590E+01
  0.62031447E+00 -0.21391740E+01
  0.63031955E+00 -0.21309749E+01
  0.64032462E+00 -0.21226626E+01
  0.65032969E+00 -0.21142379E+01
  0.66033476E+00 -0.21057017E+01
  0.67033983E+00 -0.20970548E+01
  0.68034491E+00 -0.20882981E+01
  0.69034998E+00 -0.20794325E+01
  0.70035505E+00 -0.20704588E+01
  0.71036012E+00 -0.20613779E+01
  0.72036519E+00 -0.20521908E+01
  0.73037027E+00 -0.20428984E+01
  0.74037534E+00 -0.20335016E+01
  0.75038041E+00 -0.20240013E+01
  0.76038548E+00 -0.20143985E+01
  0.77039056E+00 -0.20046942E+01
  0.78039563E+00 -0.19948893E+01
  0.79040070E+00 -0.19849849E+01
  0.80040577E+00 -0.19749818E+01
  0.81041084E+00 -0.19648811E+01
  0.82041592E+00 -0.19546839E+01
  0.83042099E+00 -0.19443911E+01
  0.84042606E+00 -0.19340037E+01
  0.85043113E+00 -0.19235229E+01
  0.86043620E+00 -0.19129496E+01
  0.87044128E+00 -0.19022849E+01
  0.88044635E+00 -0.18915299E+01
  0.89045142E+00 -0.18806856E+01
  0.90045649E+00 -0.18697532E+01
  0.91046157E+00 -0.18587338E+01
  0.92046664E+00 -0.18476284E+01
  0.93047171E+00 -0.18364381E+01
  0.94047678E+00 -0.18251641E+01
  0.95048185E+00 -0.18138075E+01
  0.96048693E+00 -0.18023694E+01
  0.97049200E+00 -0.17908511E+01
  0.98049707E+00 -0.17792535E+01
  0.99050214E+00 -0.17675780E+01
  0.10005072E+01 -0.17558256E+01
  0.10105123E+01 -0.17439976E+01
  0.10205174E+01 -0.17320950E+01
  0.10305224E+01 -0.17201193E+01
  0.10405275E+01 -0.17080714E+01
  0.10505326E+01 -0.16959526E+01
  0.10605376E+01 -0.16837642E+01
  0.10705427E+01 -0.16715073E+01
  0.10805478E+01 -0.16591832E+01
  0.10905529E+01 -0.16467932E+01
  0.11005579E+01 -0.16343383E+01
  0.11105630E+01 -0.16218200E+01
  0.11205681E+01 -0.16092395E+01
  0.11305732E+01 -0.15965979E+01
  0.11405782E+01 -0.15838967E+01
  0.11505833E+01 -0.15711369E+01
  0.11605884E+01 -0.15583201E+01
  0.11705934E+01 -0.15454473E+01
  0.11805985E+01 -0.15325199E+01
  0.11906036E+01 -0.15195392E+01
  0.12006087E+01 -0.15065066E+01
  0.12106137E+01 -0.14934232E+01
  0.12206188E+01 -0.14802904E+01
  0.12306239E+01 -0.14671095E+01
  0.12406289E+01 -0.14538819E+01
  0.12506340E+01 -0.14406089E+01
  0.12606391E+01 -0.14272917E+01
  0.12706442E+01 -0.14139318E+01
  0.12806492E+01 -0.14005304E+01
  0.12906543E+01 -0.13870890E+01
  0.13006594E+01 -0.13736088E+01
  0.13106645E+01 -0.13600912E+01
  0.13206695E+01 -0.13465375E+01
  0.13306746E+01 -0.13329492E+01
  0.13406797E+01 -0.13193276E+01
  0.13506847E+01 -0.13056739E+01
  0.13606898E+01 -0.12919897E+01
  0.13706949E+01 -0.12782763E+01
  0.13807000E+01 -0.12645349E+01
  0.13907050E+01 -0.12507672E+01
  0.14007101E+01 -0.12369743E+01
  0.14107152E+01 -0.12231577E+01
  0.14207202E+01 -0.12093187E+01
  0.14307253E+01 -0.11954588E+01
  0.14407304E+01 -0.11815793E+01
  0.14507355E+01 -0.11676817E+01
  0.14607405E+01 -0.11537673E+01
  0.14707456E+01 -0.11398374E+01
  0.14807507E+01 -0.11258936E+01
  0.14907557E+01 -0.11119372E+01
  0.15007608E+01 -0.10979696E+01
  0.15107659E+01 -0.10839921E+01
  0.15207710E+01 -0.10700063E+01
  0.15307760E+01 -0.10560134E+01
  0.15407811E+01 -0.10420150E+01
  0.15507862E+01 -0.10280123E+01
  0.15607913E+01 -0.10140069E+01
  0.15707963E+01 -0.10000000E+01
  0.15808014E+01 -0.98599313E+00
  0.15908065E+01 -0.97198767E+00
  0.16008115E+01 -0.95798501E+00
  0.16108166E+01 -0.94398655E+00
  0.16208217E+01 -0.92999370E+00
  0.16308268E+01 -0.91600786E+00
  0.16408318E+01 -0.90203043E+00
  0.16508369E+01 -0.88806280E+00
  0.16608420E+01 -0.87410638E+00
  0.16708470E+01 -0.86016256E+00
  0.16808521E+01 -0.84623274E+00
  0.16908572E+01 -0.83231831E+00
  0.17008623E+01 -0.81842067E+00
  0.17108673E+01 -0.80454120E+00
  0.17208724E+01 -0.79068130E+00
  0.17308775E+01 -0.77684235E+00
  0.17408826E+01 -0.76302574E+00
  0.17508876E+01 -0.74923285E+00
  0.17608927E+01 -0.73546506E+00
  0.17708978E+01 -0.72172375E+00
  0.17809028E+01 -0.70801030E+00
  0.17909079E+01 -0.69432607E+00
  0.18009130E+01 -0.68067245E+00
  0.18109181E+01 -0.66705079E+00
  0.18209231E+01 -0.65346245E+00
  0.18309282E+01 -0.63990881E+00
  0.18409333E+01 -0.62639121E+00
  0.18509383E+01 -0.61291101E+00
  0.18609434E+01 -0.59946956E+00
  0.18709485E+01 -0.58606820E+00
  0.18809536E+01 -0.57270828E+00
  0.18909586E+01 -0.55939112E+00
  0.19009637E+01 -0.54611808E+00
  0.19109688E+01 -0.53289046E+00
  0.19209739E+01 -0.51970961E+00
  0.19309789E+01 -0.50657683E+00
  0.19409840E+01 -0.49349345E+00
  0.19509891E+01 -0.48046076E+00
  0.19609941E+01 -0.46748009E+00
  0.19709992E+01 -0.45455271E+00
  0.19810043E+01 -0.44167994E+00
  0.19910094E+01 -0.42886306E+00
  0.20010144E+01 -0.41610334E+00
  0.20110195E+01 -0.40340208E+00
  0.20210246E+01 -0.39076053E+00
  0.20310296E+01 -0.37817998E+00
  0.20410347E+01 -0.36566166E+00
  0.20510398E+01 -0.35320684E+00
  0.20610449E+01 -0.34081677E+00
  0.20710499E+01 -0.32849268E+00
  0.20810550E+01 -0.31623581E+00
  0.20910601E+01 -0.30404739E+00
  0.21010652E+01 -0.29192863E+00
  0.21110702E+01 -0.27988075E+00
  0.21210753E+01 -0.26790495E+00
  0.21310804E+01 -0.25600244E+00
  0.21410854E+01 -0.24417440E+00
  0.21510905E+01 -0.23242202E+00
  0.21610956E+01 -0.22074647E+00
  0.21711007E+01 -0.20914893E+00
  0.21811057E+01 -0.19763055E+00
  0.21911108E+01 -0.18619250E+00
  0.22011159E+01 -0.17483590E+00
  0.22111209E+01 -0.16356190E+00
  0.22211260E+01 -0.15237163E+00
  0.22311311E+01 -0.14126621E+00
  0.22411362E+01 -0.13024675E+00
  0.22511412E+01 -0.11931435E+00
  0.22611463E+01 -0.10847011E+00
  0.22711514E+01 -0.97715114E-01
  0.22811564E+01 -0.87050436E-01
  0.22911615E+01 -0.76477143E-01
  0.23011666E+01 -0.65996297E-01
  0.23111717E+01 -0.55608944E-01
  0.23211767E+01 -0.45316126E-01
  0.23311818E+01 -0.35118872E-01
  0.23411869E+01 -0.25018203E-01
  0.23511920E+01 -0.15015131E-01
  0.23611970E+01 -0.51106558E-02
  0.23712021E+01  0.46942299E-02
  0.23812072E+01  0.14398545E-01
  0.23912122E+01  0.24001318E-01
  0.24012173E+01  0.33501588E-01
  0.24112224E+01  0.42898404E-01
  0.24212275E+01  0.52190826E-01
  0.24312325E+01  0.61377922E-01
  0.24412376E+01  0.70458773E-01
  0.24512427E+01  0.79432471E-01
  0.24612477E+01  0.88298117E-01
  0.24712528E+01  0.97054824E-01
  0.24812579E+01  0.10570171E+00
  0.24912630E+01  0.11423792E+00
  0.25012680E+01  0.12266260E+00
  0.25112731E+01  0.13097489E+00
  0.25212782E+01  0.13917398E+00
  0.25312833E+01  0.14725903E+00
  0.25412883E+01  0.15522924E+00
  0.25512934E+01  0.16308381E+00
  0.25612985E+01  0.17082195E+00
  0.25713035E+01  0.17844290E+00
  0.25813086E+01  0.18594588E+00
  0.25913137E+01  0.19333015E+00
  0.26013188E+01  0.20059496E+00
  0.26113238E+01  0.20773960E+00
  0.26213289E+01  0.21476334E+00
  0.26313340E+01  0.22166548E+00
  0.26413390E+01  0.22844533E+00
  0.26513441E+01  0.23510221E+00
  0.26613492E+01  0.24163546E+00
  0.26713543E+01  0.24804442E+00
  0.26813593E+01  0.25432845E+00
  0.26913644E+01  0.26048692E+00
  0.27013695E+01  0.26651921E+00
  0.27113746E+01  0.27242473E+00
  0.27213796E+01  0.27820288E+00
  0.27313847E+01  0.28385307E+00
  0.27413898E+01  0.28937475E+00
  0.27513948E+01  0.29476737E+00
  0.27613999E+01  0.30003038E+00
  0.27714050E+01  0.30516325E+00
  0.27814101E+01  0.31016548E+00
  0.27914151E+01  0.31503656E+00
  0.28014202E+01  0.31977600E+00
  0.28114253E+01  0.32438333E+00
  0.28214303E+01  0.32885809E+00
  0.28314354E+01  0.33319983E+00
  0.28414405E+01  0.33740811E+00
  0.28514456E+01  0.34148253E+00
  0.28614506E+01  0.34542265E+00
  0.28714557E+01  0.34922810E+00
  0.28814608E+01  0.35289849E+00
  0.28914658E+01  0.35643346E+00
  0.29014709E+01  0.35983264E+00
  0.29114760E+01  0.36309571E+00
  0.29214811E+01  0.36622233E+00
  0.29314861E+01  0.36921219E+00
  0.29414912E+01  0.37206499E+00
  0.29514963E+01  0.37478044E+00
  0.29615014E+01  0.37735828E+00
  0.29715064E+01  0.37979825E+00
  0.29815115E+01  0.38210009E+00
  0.29915166E+01  0.38426359E+00
  0.30015216E+01  0.38628852E+00
  0.30115267E+01  0.38817468E+00
  0.30215318E+01  0.38992189E+00
  0.30315369E+01  0.39152996E+00
  0.30415419E+01  0.39299874E+00
  0.30515470E+01  0.39432808E+00
  0.30615521E+01  0.39551785E+00
  0.30715571E+01  0.39656792E+00
  0.30815622E+01  0.39747820E+00
  0.30915673E+01  0.39824859E+00
  0.31015724E+01  0.39887901E+00
  0.31115774E+01  0.39936941E+00
  0.31215825E+01  0.39971973E+00
  0.31315876E+01  0.39992993E+00
  0.31415927E+01  0.40000000E+00
  0.31515977E+01  0.40003003E+00
  0.31616028E+01  0.40012012E+00
  0.31716079E+01  0.40027025E+00
  0.31816129E+01  0.40048042E+00
  0.31916180E+01  0.40075060E+00
  0.32016231E+01  0.40108077E+00
  0.32116282E+01  0.40147089E+00
  0.32216332E+01  0.40192092E+00
  0.32316383E+01  0.40243082E+00
  0.32416434E+01  0.40300054E+00
  0.32516484E+01  0.40363002E+00
  0.32616535E+01  0.40431919E+00
  0.32716586E+01  0.40506799E+00
  0.32816637E+01  0.40587635E+00
  0.32916687E+01  0.40674418E+00
  0.33016738E+01  0.40767139E+00
  0.33116789E+01  0.40865789E+00
  0.33216840E+01  0.40970359E+00
  0.33316890E+01  0.41080838E+00
  0.33416941E+01  0.41197215E+00
  0.33516992E+01  0.41319478E+00
  0.33617042E+01  0.41447615E+00
  0.33717093E+01  0.41581612E+00
  0.33817144E+01  0.41721458E+00
  0.33917195E+01  0.41867137E+00
  0.34017245E+01  0.42018636E+00
  0.34117296E+01  0.42175938E+00
  0.34217347E+01  0.42339029E+00
  0.34317397E+01  0.42507892E+00
  0.34417448E+01  0.42682509E+00
  0.34517499E+01  0.42862864E+00
  0.34617550E+01  0.43048939E+00
  0.34717600E+01  0.43240714E+00
  0.34817651E+01  0.43438172E+00
  0.34917702E+01  0.43641290E+00
  0.35017753E+01  0.43850051E+00
  0.35117803E+01  0.44064432E+00
  0.35217854E+01  0.44284412E+00
  0.35317905E+01  0.44509970E+00
  0.35417955E+01  0.44741082E+00
  0.35518006E+01  0.44977725E+00
  0.35618057E+01  0.45219877E+00
  0.35718108E+01  0.45467512E+00
  0.35818158E+01  0.45720605E+00
  0.35918209E+01  0.45979132E+00
  0.36018260E+01  0.46243066E+00
  0.36118310E+01  0.46512382E+00
  0.36218361E+01  0.46787052E+00
  0.36318412E+01  0.47067048E+00
  0.36418463E+01  0.47352343E+00
  0.36518513E+01  0.47642908E+00
  0.36618564E+01  0.47938714E+00
  0.36718615E+01  0.48239732E+00
  0.36818665E+01  0.48545930E+00
  0.36918716E+01  0.48857279E+00
  0.37018767E+01  0.49173748E+00
  0.37118818E+01  0.49495304E+00
  0.37218868E+01  0.49821916E+00
  0.37318919E+01  0.50153551E+00
  0.37418970E+01  0.50490176E+00
  0.37519021E+01  0.50831756E+00
  0.37619071E+01  0.51178258E+00
  0.37719122E+01  0.51529647E+00
  0.37819173E+01  0.51885889E+00
  0.37919223E+01  0.52246946E+00
  0.38019274E+01  0.52612784E+00
  0.38119325E+01  0.52983365E+00
  0.38219376E+01  0.53358652E+00
  0.38319426E+01  0.53738608E+00
  0.38419477E+01  0.54123195E+00
  0.38519528E+01  0.54512375E+00
  0.38619578E+01  0.54906107E+00
  0.38719629E+01  0.55304354E+00
  0.38819680E+01  0.55707075E+00
  0.38919731E+01  0.56114229E+00
  0.39019781E+01  0.56525777E+00
  0.39119832E+01  0.56941676E+00
  0.39219883E+01  0.57361885E+00
  0.39319934E+01  0.57786363E+00
  0.39419984E+01  0.58215066E+00
  0.39520035E+01  0.58647952E+00
  0.39620086E+01  0.59084977E+00
  0.39720136E+01  0.59526098E+00
  0.39820187E+01  0.59971270E+00
  0.39920238E+01  0.60420449E+00
  0.40020289E+01  0.60873590E+00
  0.40120339E+01  0.61330648E+00
  0.40220390E+01  0.61791576E+00
  0.40320441E+01  0.62256329E+00
  0.40420491E+01  0.62724861E+00
  0.40520542E+01  0.63197123E+00
  0.40620593E+01  0.63673070E+00
  0.40720644E+01  0.64152653E+00
  0.40820694E+01  0.64635824E+00
  0.40920745E+01  0.65122536E+00
  0.41020796E+01  0.65612738E+00
  0.41120847E+01  0.66106383E+00
  0.41220897E+01  0.66603420E+00
  0.41320948E+01  0.67103801E+00
  0.41420999E+01  0.67607474E+00
  0.41521049E+01  0.68114390E+00
  0.41621100E+01  0.68624498E+00
  0.41721151E+01  0.69137746E+00
  0.41821202E+01  0.69654084E+00
  0.41921252E+01  0.70173459E+00
  0.42021303E+01  0.70695821E+00
  0.42121354E+01  0.71221115E+00
  0.42221404E+01  0.71749290E+00
  0.42321455E+01  0.72280293E+00
  0.42421506E+01  0.72814071E+00
  0.42521557E+01  0.73350570E+00
  0.42621607E+01  0.73889737E+00
  0.42721658E+01  0.74431518E+00
  0.42821709E+01  0.74975858E+00
  0.42921760E+01  0.75522702E+00
  0.43021810E+01  0.76071997E+00
  0.43121861E+01  0.76623688E+00
  0.43221912E+01  0.77177718E+00
  0.43321962E+01  0.77734033E+00
  0.43422013E+01  0.78292576E+00
  0.43522064E+01  0.78853293E+00
  0.43622115E+01  0.79416126E+00
  0.43722165E+01  0.79981020E+00
  0.43822216E+01  0.80547918E+00
  0.43922267E+01  0.81116762E+00
  0.44022317E+01  0.81687498E+00
  0.44122368E+01  0.82260066E+00
  0.44222419E+01  0.82834410E+00
  0.44322470E+01  0.83410472E+00
  0.44422520E+01  0.83988195E+00
  0.44522571E+01  0.84567520E+00
  0.44622622E+01  0.85148391E+00
  0.44722672E+01  0.85730748E+00
  0.44822723E+01  0.86314533E+00
  0.44922774E+01  0.86899689E+00
  0.45022825E+01  0.87486156E+00
  0.45122875E+01  0.88073875E+00
  0.45222926E+01  0.88662788E+00
  0.45322977E+01  0.89252836E+00
  0.45423028E+01  0.89843960E+00
  0.45523078E+01  0.90436101E+00
  0.45623129E+01  0.91029198E+00
  0.45723180E+01  0.91623194E+00
  0.45823230E+01  0.92218029E+00
  0.45923281E+01  0.92813642E+00
  0.46023332E+01  0.93409975E+00
  0.46123383E+01  0.94006967E+00
  0.46223433E+01  0.94604559E+00
  0.46323484E+01  0.95202692E+00
  0.46423535E+01  0.95801304E+00
  0.46523585E+01  0.96400337E+00
  0.46623636E+01  0.96999730E+00
  0.46723687E+01  0.97599424E+00
  0.46823738E+01  0.98199357E+00
  0.46923788E+01  0.98799471E+00
  0.47023839E+01  0.99399706E+00
  0.47123890E+01  0.10000000E+01
  0.47223941E+01  0.10060029E+01
  0.47323991E+01  0.10120053E+01
  0.47424042E+01  0.10180064E+01
  0.47524093E+01  0.10240058E+01
  0.47624143E+01  0.10300027E+01
  0.47724194E+01  0.10359966E+01
  0.47824245E+01  0.10419870E+01
  0.47924296E+01  0.10479731E+01
  0.48024346E+01  0.10539544E+01
  0.48124397E+01  0.10599303E+01
  0.48224448E+01  0.10659003E+01
  0.48324498E+01  0.10718636E+01
  0.48424549E+01  0.10778197E+01
  0.48524600E+01  0.10837681E+01
  0.48624651E+01  0.10897080E+01
  0.48724701E+01  0.10956390E+01
  0.48824752E+01  0.11015604E+01
  0.48924803E+01  0.11074716E+01
  0.49024854E+01  0.11133721E+01
  0.49124904E+01  0.11192613E+01
  0.49224955E+01  0.11251384E+01
  0.49325006E+01  0.11310031E+01
  0.49425056E+01  0.11368547E+01
  0.49525107E+01  0.11426925E+01
  0.49625158E+01  0.11485161E+01
  0.49725209E+01  0.11543248E+01
  0.49825259E+01  0.11601181E+01
  0.49925310E+01  0.11658953E+01
  0.50025361E+01  0.11716559E+01
  0.50125411E+01  0.11773993E+01
  0.50225462E+01  0.11831250E+01
  0.50325513E+01  0.11888324E+01
  0.50425564E+01  0.11945208E+01
  0.50525614E+01  0.12001898E+01
  0.50625665E+01  0.12058387E+01
  0.50725716E+01  0.12114671E+01
  0.50825766E+01  0.12170742E+01
  0.50925817E+01  0.12226597E+01
  0.51025868E+01  0.12282228E+01
  0.51125919E+01  0.12337631E+01
  0.51225969E+01  0.12392800E+01
  0.51326020E+01  0.12447730E+01
  0.51426071E+01  0.12502414E+01
  0.51526122E+01  0.12556848E+01
  0.51626172E+01  0.12611026E+01
  0.51726223E+01  0.12664943E+01
  0.51826274E+01  0.12718593E+01
  0.51926324E+01  0.12771971E+01
  0.52026375E+01  0.12825071E+01
  0.52126426E+01  0.12877889E+01
  0.52226477E+01  0.12930418E+01
  0.52326527E+01  0.12982654E+01
  0.52426578E+01  0.13034592E+01
  0.52526629E+01  0.13086225E+01
  0.52626679E+01  0.13137550E+01
  0.52726730E+01  0.13188561E+01
  0.52826781E+01  0.13239253E+01
  0.52926832E+01  0.13289620E+01
  0.53026882E+01  0.13339658E+01
  0.53126933E+01  0.13389362E+01
  0.53226984E+01  0.13438726E+01
  0.53327035E+01  0.13487746E+01
  0.53427085E+01  0.13536418E+01
  0.53527136E+01  0.13584735E+01
  0.53627187E+01  0.13632693E+01
  0.53727237E+01  0.13680288E+01
  0.53827288E+01  0.13727514E+01
  0.53927339E+01  0.13774367E+01
  0.54027390E+01  0.13820842E+01
  0.54127440E+01  0.13866935E+01
  0.54227491E+01  0.13912641E+01
  0.54327542E+01  0.13957955E+01
  0.54427592E+01  0.14002873E+01
  0.54527643E+01  0.14047390E+01
  0.54627694E+01  0.14091502E+01
  0.54727745E+01  0.14135205E+01
  0.54827795E+01  0.14178493E+01
  0.54927846E+01  0.14221364E+01
  0.55027897E+01  0.14263811E+01
  0.55127948E+01  0.14305832E+01
  0.55227998E+01  0.14347422E+01
  0.55328049E+01  0.14388577E+01
  0.55428100E+01  0.14429293E+01
  0.55528150E+01  0.14469565E+01
  0.55628201E+01  0.14509389E+01
  0.55728252E+01  0.14548763E+01
  0.55828303E+01  0.14587680E+01
  0.55928353E+01  0.14626139E+01
  0.56028404E+01  0.14664135E+01
  0.56128455E+01  0.14701664E+01
  0.56228505E+01  0.14738722E+01
  0.56328556E+01  0.14775305E+01
  0.56428607E+01  0.14811411E+01
  0.56528658E+01  0.14847035E+01
  0.56628708E+01  0.14882174E+01
  0.56728759E+01  0.14916824E+01
  0.56828810E+01  0.14950982E+01
  0.56928861E+01  0.14984645E+01
  0.57028911E+01  0.15017808E+01
  0.57128962E+01  0.15050470E+01
  0.57229013E+01  0.15082625E+01
  0.57329063E+01  0.15114272E+01
  0.57429114E+01  0.15145407E+01
  0.57529165E+01  0.15176027E+01
  0.57629216E+01  0.15206129E+01
  0.57729266E+01  0.15235709E+01
  0.57829317E+01  0.15264766E+01
  0.57929368E+01  0.15293295E+01
  0.58029418E+01  0.15321295E+01
  0.58129469E+01  0.15348762E+01
  0.58229520E+01  0.15375693E+01
  0.58329571E+01  0.15402087E+01
  0.58429621E+01  0.15427939E+01
  0.58529672E+01  0.15453249E+01
  0.58629723E+01  0.15478012E+01
  0.58729773E+01  0.15502227E+01
  0.58829824E+01  0.15525892E+01
  0.58929875E+01  0.15549003E+01
  0.59029926E+01  0.15571559E+01
  0.59129976E+01  0.15593557E+01
  0.59230027E+01  0.15614995E+01
  0.59330078E+01  0.15635871E+01
  0.59430129E+01  0.15656183E+01
  0.59530179E+01  0.15675929E+01
  0.59630230E+01  0.15695106E+01
  0.59730281E+01  0.15713714E+01
  0.59830331E+01  0.15731749E+01
  0.59930382E+01  0.15749211E+01
  0.60030433E+01  0.15766097E+01
  0.60130484E+01  0.15782406E+01
  0.60230534E+01  0.15798136E+01
  0.60330585E+01  0.15813286E+01
  0.60430636E+01  0.15827854E+01
  0.60530686E+01  0.15841839E+01
  0.60630737E+01  0.15855239E+01
  0.60730788E+01  0.15868052E+01
  0.60830839E+01  0.15880279E+01
  0.60930889E+01  0.15891916E+01
  0.61030940E+01  0.15902964E+01
  0.61130991E+01  0.15913421E+01
  0.61231042E+01  0.15923286E+01
  0.61331092E+01  0.15932558E+01
  0.61431143E+01  0.15941237E+01
  0.61531194E+01  0.15949320E+01
  0.61631244E+01  0.15956808E+01
  0.61731295E+01  0.15963700E+01
  0.61831346E+01  0.15969995E+01
  0.61931397E+01  0.15975692E+01
  0.62031447E+01  0.15980791E+01
  0.62131498E+01  0.15985291E+01
  0.62231549E+01  0.15989192E+01
  0.62331599E+01  0.15992494E+01
  0.62431650E+01  0.15995196E+01
  0.62531701E+01  0.15997297E+01
  0.62631752E+01  0.15998799E+01
  0.62731802E+01  0.15999700E+01
  0.62831853E+01  0.16000000E+01
  0.62931918E+01  0.15999700E+01
  0.63031983E+01  0.15998798E+01
  0.63132048E+01  0.15997296E+01
  0.63232113E+01  0.15995193E+01
  0.63332178E+01  0.15992489E+01
  0.63432243E+01  0.15989184E+01
  0.63532308E+01  0.15985278E+01
  0.63632373E+01  0.15980770E+01
  0.63732437E+01  0.15975660E+01
  0.63832502E+01  0.15969949E+01
  0.63932567E+01  0.15963635E+01
  0.64032632E+01  0.15956718E+01
  0.64132697E+01  0.15949198E+01
  0.64232762E+01  0.15941076E+01
  0.64332827E+01  0.15932349E+01
  0.64432892E+01  0.15923018E+01
  0.64532957E+01  0.15913083E+01
  0.64633022E+01  0.15902543E+01
  0.64733087E+01  0.15891397E+01
  0.64833152E+01  0.15879645E+01
  0.64933217E+01  0.15867286E+01
  0.65033282E+01  0.15854320E+01
  0.65133346E+01  0.15840746E+01
  0.65233411E+01  0.15826563E+01
  0.65333476E+01  0.15811771E+01
  0.65433541E+01  0.15796370E+01
  0.65533606E+01  0.15780357E+01
  0.65633671E+01  0.15763733E+01
  0.65733736E+01  0.15746497E+01
  0.65833801E+01  0.15728648E+01
  0.65933866E+01  0.15710185E+01
  0.66033931E+01  0.15691107E+01
  0.66133996E+01  0.15671414E+01
  0.66234061E+01  0.15651104E+01
  0.66334126E+01  0.15630176E+01
  0.66434191E+01  0.15608631E+01
  0.66534256E+01  0.15586466E+01
  0.66634320E+01  0.15563680E+01
  0.66734385E+01  0.15540274E+01
  0.66834450E+01  0.15516245E+01
  0.66934515E+01  0.15491592E+01
  0.67034580E+01  0.15466315E+01
  0.67134645E+01  0.15440413E+01
  0.67234710E+01  0.15413884E+01
  0.67334775E+01  0.15386727E+01
  0.67434840E+01  0.15358941E+01
  0.67534905E+01  0.15330525E+01
  0.67634970E+01  0.15301477E+01
  0.67735035E+01  0.15271798E+01
  0.67835100E+01  0.15241484E+01
  0.67935165E+01  0.15210536E+01
  0.68035229E+01  0.15178951E+01
  0.68135294E+01  0.15146729E+01
  0.68235359E+01  0.15113868E+01
  0.68335424E+01  0.15080368E+01
  0.68435489E+01  0.15046226E+01
  0.68535554E+01  0.15011442E+01
  0.68635619E+01  0.14976013E+01
  0.68735684E+01  0.14939940E+01
  0.68835749E+01  0.14903220E+01
  0.68935814E+01  0.14865853E+01
  0.69035879E+01  0.14827836E+01
  0.69135944E+01  0.14789169E+01
  0.69236009E+01  0.14749850E+01
  0.69336074E+01  0.14709878E+01
  0.69436139E+01  0.14669251E+01
  0.69536203E+01  0.14627968E+01
  0.69636268E+01  0.14586028E+01
  0.69736333E+01  0.14543429E+01
  0.69836398E+01  0.14500171E+01
  0.69936463E+01  0.14456251E+01
  0.70036528E+01  0.14411668E+01
  0.70136593E+01  0.14366421E+01
  0.70236658E+01  0.14320508E+01
  0.70336723E+01  0.14273929E+01
  0.70436788E+01  0.14226681E+01
  0.70536853E+01  0.14178764E+01
  0.70636918E+01  0.14130175E+01
  0.70736983E+01  0.14080915E+01
  0.70837048E+01  0.14030980E+01
  0.70937112E+01  0.13980371E+01
  0.71037177E+01  0.13929085E+01
  0.71137242E+01  0.13877122E+01
  0.71237307E+01  0.13824480E+01
  0.71337372E+01  0.13771158E+01
  0.71437437E+01  0.13717154E+01
  0.71537502E+01  0.13662467E+01
  0.71637567E+01  0.13607096E+01
  0.71737632E+01  0.13551040E+01
  0.71837697E+01  0.13494297E+01
  0.71937762E+01  0.13436867E+01
  0.72037827E+01  0.13378747E+01
  0.72137892E+01  0.13319938E+01
  0.72237957E+01  0.13260437E+01
  0.72338022E+01  0.13200243E+01
  0.72438086E+01  0.13139357E+01
  0.72538151E+01  0.13077775E+01
  0.72638216E+01  0.13015498E+01
  0.72738281E+01  0.12952524E+01
  0.72838346E+01  0.12888852E+01
  0.72938411E+01  0.12824481E+01
  0.73038476E+01  0.12759410E+01
  0.73138541E+01  0.12693639E+01
  0.73238606E+01  0.12627166E+01
  0.73338671E+01  0.12559990E+01
  0.73438736E+01  0.12492111E+01
  0.73538801E+01  0.12423528E+01
  0.73638866E+01  0.12354239E+01
  0.73738931E+01  0.12284245E+01
  0.73838995E+01  0.12213544E+01
  0.73939060E+01  0.12142136E+01
  0.74039125E+01  0.12070019E+01
  0.74139190E+01  0.11997194E+01
  0.74239255E+01  0.11923660E+01
  0.74339320E+01  0.11849416E+01
  0.74439385E+01  0.11774461E+01
  0.74539450E+01  0.11698796E+01
  0.74639515E+01  0.11622419E+01
  0.74739580E+01  0.11545331E+01
  0.74839645E+01  0.11467530E+01
  0.74939710E+01  0.11389017E+01
  0.75039775E+01  0.11309792E+01
  0.75139840E+01  0.11229853E+01
  0.75239905E+01  0.11149202E+01
  0.75339969E+01  0.11067837E+01
  0.75440034E+01  0.10985758E+01
  0.75540099E+01  0.10902967E+01
  0.75640164E+01  0.10819462E+01
  0.75740229E+01  0.10735243E+01
  0.75840294E+01  0.10650312E+01
  0.75940359E+01  0.10564667E+01
  0.76040424E+01  0.10478309E+01
  0.76140489E+01  0.10391239E+01
  0.76240554E+01  0.10303456E+01
  0.76340619E+01  0.10214961E+01
  0.76440684E+01  0.10125754E+01
  0.76540749E+01  0.10035837E+01
  0.76640814E+01  0.99452087E+00
  0.76740878E+01  0.98538704E+00
  0.76840943E+01  0.97618228E+00
  0.76941008E+01  0.96690665E+00
  0.77041073E+01  0.95756022E+00
  0.77141138E+01  0.94814308E+00
  0.77241203E+01  0.93865532E+00
  0.77341268E+01  0.92909702E+00
  0.77441333E+01  0.91946830E+00
  0.77541398E+01  0.90976926E+00
  0.77641463E+01  0.90000000E+00
  0.77741528E+01  0.89016065E+00
  0.77841593E+01  0.88025134E+00
  0.77941658E+01  0.87027220E+00
  0.78041723E+01  0.86022337E+00
  0.78141788E+01  0.85010499E+00
  0.78241852E+01  0.83991721E+00
  0.78341917E+01  0.82966020E+00
  0.78441982E+01  0.81933412E+00
  0.78542047E+01  0.80893915E+00
  0.78642112E+01  0.79847547E+00
  0.78742177E+01  0.78794325E+00
  0.78842242E+01  0.77734271E+00
  0.78942307E+01  0.76667404E+00
  0.79042372E+01  0.75593744E+00
  0.79142437E+01  0.74513314E+00
  0.79242502E+01  0.73426136E+00
  0.79342567E+01  0.72332233E+00
  0.79442632E+01  0.71231629E+00
  0.79542697E+01  0.70124349E+00
  0.79642761E+01  0.69010417E+00
  0.79742826E+01  0.67889861E+00
  0.79842891E+01  0.66762707E+00
  0.79942956E+01  0.65628982E+00
  0.80043021E+01  0.64488715E+00
  0.80143086E+01  0.63341936E+00
  0.80243151E+01  0.62188674E+00
  0.80343216E+01  0.61028960E+00
  0.80443281E+01  0.59862826E+00
  0.80543346E+01  0.58690304E+00
  0.80643411E+01  0.57511428E+00
  0.80743476E+01  0.56326230E+00
  0.80843541E+01  0.55134747E+00
  0.80943606E+01  0.53937014E+00
  0.81043671E+01  0.52733066E+00
  0.81143735E+01  0.51522942E+00
  0.81243800E+01  0.50306680E+00
  0.81343865E+01  0.49084317E+00
  0.81443930E+01  0.47855895E+00
  0.81543995E+01  0.46621452E+00
  0.81644060E+01  0.45381032E+00
  0.81744125E+01  0.44134676E+00
  0.81844190E+01  0.42882426E+00
  0.81944255E+01  0.41624327E+00
  0.82044320E+01  0.40360424E+00
  0.82144385E+01  0.39090761E+00
  0.82244450E+01  0.37815386E+00
  0.82344515E+01  0.36534345E+00
  0.82444580E+01  0.35247687E+00
  0.82544644E+01  0.33955459E+00
  0.82644709E+01  0.32657713E+00
  0.82744774E+01  0.31354498E+00
  0.82844839E+01  0.30045866E+00
  0.82944904E+01  0.28731869E+00
  0.83044969E+01  0.27412560E+00
  0.83145034E+01  0.26087993E+00
  0.83245099E+01  0.24758223E+00
  0.83345164E+01  0.23423305E+00
  0.83445229E+01  0.22083296E+00
  0.83545294E+01  0.20738252E+00
  0.83645359E+01  0.19388233E+00
  0.83745424E+01  0.18033297E+00
  0.83845489E+01  0.16673503E+00
  0.83945554E+01  0.15308913E+00
  0.84045618E+01  0.13939587E+00
  0.84145683E+01  0.12565589E+00
  0.84245748E+01  0.11186980E+00
  0.84345813E+01  0.98038260E-01
  0.84445878E+01  0.84161904E-01
  0.84545943E+01  0.70241391E-01
  0.84646008E+01  0.56277386E-01
  0.84746073E+01  0.42270560E-01
  0.84846138E+01  0.28221593E-01
  0.84946203E+01  0.14131175E-01
  0.85046268E+01 -0.12490009E-15
  0.85146333E+01 -0.14171226E-01
  0.85246398E+01 -0.28381790E-01
  0.85346463E+01 -0.42630973E-01
  0.85446527E+01 -0.56918046E-01
  0.85546592E+01 -0.71242273E-01
  0.85646657E+01 -0.85602909E-01
  0.85746722E+01 -0.99999202E-01
  0.85846787E+01 -0.11443039E+00
  0.85946852E+01 -0.12889571E+00
  0.86046917E+01 -0.14339439E+00
  0.86146982E+01 -0.15792564E+00
  0.86247047E+01 -0.17248867E+00
  0.86347112E+01 -0.18708268E+00
  0.86447177E+01 -0.20170687E+00
  0.86547242E+01 -0.21636043E+00
  0.86647307E+01 -0.23104253E+00
  0.86747372E+01 -0.24575235E+00
  0.86847437E+01 -0.26048905E+00
  0.86947501E+01 -0.27525179E+00
  0.87047566E+01 -0.29003973E+00
  0.87147631E+01 -0.30485200E+00
  0.87247696E+01 -0.31968774E+00
  0.87347761E+01 -0.33454608E+00
  0.87447826E+01 -0.34942615E+00
  0.87547891E+01 -0.36432706E+00
  0.87647956E+01 -0.37924792E+00
  0.87748021E+01 -0.39418784E+00
  0.87848086E+01 -0.40914591E+00
  0.87948151E+01 -0.42412121E+00
  0.88048216E+01 -0.43911284E+00
  0.88148281E+01 -0.45411987E+00
  0.88248346E+01 -0.46914137E+00
  0.88348410E+01 -0.48417641E+00
  0.88448475E+01 -0.49922405E+00
  0.88548540E+01 -0.51428333E+00
  0.88648605E+01 -0.52935330E+00
  0.88748670E+01 -0.54443301E+00
  0.88848735E+01 -0.55952149E+00
  0.88948800E+01 -0.57461777E+00
  0.89048865E+01 -0.58972087E+00
  0.89148930E+01 -0.60482981E+00
  0.89248995E+01 -0.61994361E+00
  0.89349060E+01 -0.63506127E+00
  0.89449125E+01 -0.65018180E+00
  0.89549190E+01 -0.66530419E+00
  0.89649255E+01 -0.68042744E+00
  0.89749320E+01 -0.69555052E+00
  0.89849384E+01 -0.71067244E+00
  0.89949449E+01 -0.72579216E+00
  0.90049514E+01 -0.74090865E+00
  0.90149579E+01 -0.75602090E+00
  0.90249644E+01 -0.77112785E+00
  0.90349709E+01 -0.78622848E+00
  0.90449774E+01 -0.80132174E+00
  0.90549839E+01 -0.81640657E+00
  0.90649904E+01 -0.83148194E+00
  0.90749969E+01 -0.84654679E+00
  0.90850034E+01 -0.86160004E+00
  0.90950099E+01 -0.87664065E+00
  0.91050164E+01 -0.89166755E+00
  0.91150229E+01 -0.90667967E+00
  0.91250293E+01 -0.92167593E+00
  0.91350358E+01 -0.93665526E+00
  0.91450423E+01 -0.95161657E+00
  0.91550488E+01 -0.96655880E+00
  0.91650553E+01 -0.98148085E+00
  0.91750618E+01 -0.99638164E+00
  0.91850683E+01 -0.10112601E+01
  0.91950748E+01 -0.10261151E+01
  0.92050813E+01 -0.10409455E+01
  0.92150878E+01 -0.10557503E+01
  0.92250943E+01 -0.10705284E+01
  0.92351008E+01 -0.10852787E+01
  0.92451073E+01 -0.11000000E+01
  0.92551138E+01 -0.11146913E+01
  0.92651203E+01 -0.11293514E+01
  0.92751267E+01 -0.11439793E+01
  0.92851332E+01 -0.11585738E+01
  0.92951397E+01 -0.11731339E+01
  0.93051462E+01 -0.11876584E+01
  0.93151527E+01 -0.12021461E+01
  0.93251592E+01 -0.12165961E+01
  0.93351657E+01 -0.12310072E+01
  0.93451722E+01 -0.12453783E+01
  0.93551787E+01 -0.12597082E+01
  0.93651852E+01 -0.12739959E+01
  0.93751917E+01 -0.12882402E+01
  0.93851982E+01 -0.13024400E+01
  0.93952047E+01 -0.13165943E+01
  0.94052112E+01 -0.13307018E+01
  0.94152176E+01 -0.13447615E+01
  0.94252241E+01 -0.13587723E+01
  0.94352306E+01 -0.13727331E+01
  0.94452371E+01 -0.13866427E+01
  0.94552436E+01 -0.14005001E+01
  0.94652501E+01 -0.14143041E+01
  0.94752566E+01 -0.14280537E+01
  0.94852631E+01 -0.14417477E+01
  0.94952696E+01 -0.14553850E+01
  0.95052761E+01 -0.14689645E+01
  0.95152826E+01 -0.14824852E+01
  0.95252891E+01 -0.14959459E+01
  0.95352956E+01 -0.15093455E+01
  0.95453021E+01 -0.15226830E+01
  0.95553086E+01 -0.15359572E+01
  0.95653150E+01 -0.15491671E+01
  0.95753215E+01 -0.15623115E+01
  0.95853280E+01 -0.15753895E+01
  0.95953345E+01 -0.15883999E+01
  0.96053410E+01 -0.16013416E+01
  0.96153475E+01 -0.16142136E+01
  0.96253540E+01 -0.16270147E+01
  0.96353605E+01 -0.16397440E+01
  0.96453670E+01 -0.16524004E+01
  0.96553735E+01 -0.16649828E+01
  0.96653800E+01 -0.16774902E+01
  0.96753865E+01 -0.16899214E+01
  0.96853930E+01 -0.17022755E+01
  0.96953995E+01 -0.17145515E+01
  0.97054059E+01 -0.17267482E+01
  0.97154124E+01 -0.17388646E+01
  0.97254189E+01 -0.17508998E+01
  0.97354254E+01 -0.17628527E+01
  0.97454319E+01 -0.17747223E+01
  0.97554384E+01 -0.17865075E+01
  0.97654449E+01 -0.17982074E+01
  0.97754514E+01 -0.18098209E+01
  0.97854579E+01 -0.18213471E+01
  0.97954644E+01 -0.18327850E+01
  0.98054709E+01 -0.18441335E+01
  0.98154774E+01 -0.18553918E+01
  0.98254839E+01 -0.18665588E+01
  0.98354904E+01 -0.18776336E+01
  0.98454969E+01 -0.18886152E+01
  0.98555033E+01 -0.18995026E+01
  0.98655098E+01 -0.19102949E+01
  0.98755163E+01 -0.19209912E+01
  0.98855228E+01 -0.19315906E+01
  0.98955293E+01 -0.19420920E+01
  0.99055358E+01 -0.19524947E+01
  0.99155423E+01 -0.19627976E+01
  0.99255488E+01 -0.19729999E+01
  0.99355553E+01 -0.19831007E+01
  0.99455618E+01 -0.19930990E+01
  0.99555683E+01 -0.20029941E+01
  0.99655748E+01 -0.20127850E+01
  0.99755813E+01 -0.20224708E+01
  0.99855878E+01 -0.20320508E+01
  0.99955942E+01 -0.20415240E+01
  0.10005601E+02 -0.20508897E+01
  0.10015607E+02 -0.20601469E+01
  0.10025614E+02 -0.20692949E+01
  0.10035620E+02 -0.20783329E+01
  0.10045627E+02 -0.20872599E+01
  0.10055633E+02 -0.20960754E+01
  0.10065640E+02 -0.21047784E+01
  0.10075646E+02 -0.21133681E+01
  0.10085653E+02 -0.21218439E+01
  0.10095659E+02 -0.21302049E+01
  0.10105666E+02 -0.21384504E+01
  0.10115672E+02 -0.21465796E+01
  0.10125679E+02 -0.21545919E+01
  0.10135685E+02 -0.21624865E+01
  0.10145692E+02 -0.21702627E+01
  0.10155698E+02 -0.21779197E+01
  0.10165705E+02 -0.21854569E+01
  0.10175711E+02 -0.21928737E+01
  0.10185718E+02 -0.22001693E+01
  0.10195724E+02 -0.22073430E+01
  0.10205731E+02 -0.22143943E+01
  0.10215737E+02 -0.22213225E+01
  0.10225744E+02 -0.22281269E+01
  0.10235750E+02 -0.22348070E+01
  0.10245757E+02 -0.22413620E+01
  0.10255763E+02 -0.22477916E+01
  0.10265770E+02 -0.22540949E+01
  0.10275776E+02 -0.22602715E+01
  0.10285783E+02 -0.22663208E+01
  0.10295789E+02 -0.22722423E+01
  0.10305796E+02 -0.22780354E+01
  0.10315802E+02 -0.22836996E+01
  0.10325809E+02 -0.22892343E+01
  0.10335815E+02 -0.22946390E+01
  0.10345822E+02 -0.22999133E+01
  0.10355828E+02 -0.23050567E+01
  0.10365834E+02 -0.23100687E+01
  0.10375841E+02 -0.23149488E+01
  0.10385847E+02 -0.23196966E+01
  0.10395854E+02 -0.23243117E+01
  0.10405860E+02 -0.23287936E+01
  0.10415867E+02 -0.23331419E+01
  0.10425873E+02 -0.23373562E+01
  0.10435880E+02 -0.23414361E+01
  0.10445886E+02 -0.23453813E+01
  0.10455893E+02 -0.23491913E+01
  0.10465899E+02 -0.23528659E+01
  0.10475906E+02 -0.23564047E+01
  0.10485912E+02 -0.23598073E+01
  0.10495919E+02 -0.23630735E+01
  0.10505925E+02 -0.23662029E+01
  0.10515932E+02 -0.23691953E+01
  0.10525938E+02 -0.23720504E+01
  0.10535945E+02 -0.23747678E+01
  0.10545951E+02 -0.23773475E+01
  0.10555958E+02 -0.23797890E+01
  0.10565964E+02 -0.23820923E+01
  0.10575971E+02 -0.23842570E+01
  0.10585977E+02 -0.23862830E+01
  0.10595984E+02 -0.23881701E+01
  0.10605990E+02 -0.23899182E+01
  0.10615997E+02 -0.23915269E+01
  0.10626003E+02 -0.23929963E+01
  0.10636010E+02 -0.23943262E+01
  0.10646016E+02 -0.23955164E+01
  0.10656023E+02 -0.23965668E+01
  0.10666029E+02 -0.23974774E+01
  0.10676036E+02 -0.23982481E+01
  0.10686042E+02 -0.23988787E+01
  0.10696049E+02 -0.23993692E+01
  0.10706055E+02 -0.23997196E+01
  0.10716062E+02 -0.23999299E+01
  0.10726068E+02 -0.24000000E+01
