  0.00000000E+00 -0.24000000E+01
  0.00000000E+00  0.24000000E+01
  0.99933849E-02 -0.23999800E+01
  0.99933849E-02  0.23999800E+01
  0.19986770E-01 -0.23999201E+01
  0.19986770E-01  0.23999201E+01
  0.29980155E-01 -0.23998203E+01
  0.29980155E-01  0.23998203E+01
  0.39973540E-01 -0.23996805E+01
  0.39973540E-01  0.23996805E+01
  0.49966925E-01 -0.23995008E+01
  0.49966925E-01  0.23995008E+01
  0.59960310E-01 -0.23992812E+01
  0.59960310E-01  0.23992812E+01
  0.69953694E-01 -0.23990218E+01
  0.69953694E-01  0.23990218E+01
  0.79947079E-01 -0.23987226E+01
  0.79947079E-01  0.23987226E+01
  0.89940464E-01 -0.23983836E+01
  0.89940464E-01  0.23983836E+01
  0.99933849E-01 -0.23980049E+01
  0.99933849E-01  0.23980049E+01
  0.10992723E+00 -0.23975866E+01
  0.10992723E+00  0.23975866E+01
  0.11992062E+00 -0.23971286E+01
  0.11992062E+00  0.23971286E+01
  0.12991400E+00 -0.23966310E+01
  0.12991400E+00  0.23966310E+01
  0.13990739E+00 -0.23960940E+01
  0.13990739E+00  0.23960940E+01
  0.14990077E+00 -0.23955176E+01
  0.14990077E+00  0.23955176E+01
  0.15989416E+00 -0.23949018E+01
  0.15989416E+00  0.23949018E+01
  0.16988754E+00 -0.23942468E+01
  0.16988754E+00  0.23942468E+01
  0.17988093E+00 -0.23935527E+01
  0.17988093E+00  0.23935527E+01
  0.18987431E+00 -0.23928195E+01
  0.18987431E+00  0.23928195E+01
  0.19986770E+00 -0.23920473E+01
  0.19986770E+00  0.23920473E+01
  0.20986108E+00 -0.23912364E+01
  0.20986108E+00  0.23912364E+01
  0.21985447E+00 -0.23903867E+01
  0.21985447E+00  0.23903867E+01
  0.22984785E+00 -0.23894984E+01
  0.22984785E+00  0.23894984E+01
  0.23984124E+00 -0.23885716E+01
  0.23984124E+00  0.23885716E+01
  0.24983462E+00 -0.23876065E+01
  0.24983462E+00  0.23876065E+01
  0.25982801E+00 -0.23866032E+01
  0.25982801E+00  0.23866032E+01
  0.26982139E+00 -0.23855618E+01
  0.26982139E+00  0.23855618E+01
  0.27981478E+00 -0.23844825E+01
  0.27981478E+00  0.23844825E+01
  0.28980816E+00 -0.23833655E+01
  0.28980816E+00  0.23833655E+01
  0.29980155E+00 -0.23822109E+01
  0.29980155E+00  0.23822109E+01
  0.30979493E+00 -0.23810189E+01
  0.30979493E+00  0.23810189E+01
  0.31978832E+00 -0.23797897E+01
  0.31978832E+00  0.23797897E+01
  0.32978170E+00 -0.23785234E+01
  0.32978170E+00  0.23785234E+01
  0.33977509E+00 -0.23772202E+01
  0.33977509E+00  0.23772202E+01
  0.34976847E+00 -0.23758804E+01
  0.34976847E+00  0.23758804E+01
  0.35976186E+00 -0.23745041E+01
  0.35976186E+00  0.23745041E+01
  0.36975524E+00 -0.23730915E+01
  0.36975524E+00  0.23730915E+01
  0.37974863E+00 -0.23716429E+01
  0.37974863E+00  0.23716429E+01
  0.38974201E+00 -0.23701585E+01
  0.38974201E+00  0.23701585E+01
  0.39973540E+00 -0.23686385E+01
  0.39973540E+00  0.23686385E+01
  0.40972878E+00 -0.23670831E+01
  0.40972878E+00  0.23670831E+01
  0.41972217E+00 -0.23654926E+01
  0.41972217E+00  0.23654926E+01
  0.42971555E+00 -0.23638673E+01
  0.42971555E+00  0.23638673E+01
  0.43970894E+00 -0.23622073E+01
  0.43970894E+00  0.23622073E+01
  0.44970232E+00 -0.23605130E+01
  0.44970232E+00  0.23605130E+01
  0.45969571E+00 -0.23587847E+01
  0.45969571E+00  0.23587847E+01
  0.46968909E+00 -0.23570225E+01
  0.46968909E+00  0.23570225E+01
  0.47968248E+00 -0.23552268E+01
  0.47968248E+00  0.23552268E+01
  0.48967586E+00 -0.23533980E+01
  0.48967586E+00  0.23533980E+01
  0.49966925E+00 -0.23515362E+01
  0.49966925E+00  0.23515362E+01
  0.50966263E+00 -0.23496418E+01
  0.50966263E+00  0.23496418E+01
  0.51965602E+00 -0.23477151E+01
  0.51965602E+00  0.23477151E+01
  0.52964940E+00 -0.23457564E+01
  0.52964940E+00  0.23457564E+01
  0.53964279E+00 -0.23437661E+01
  0.53964279E+00  0.23437661E+01
  0.54963617E+00 -0.23417445E+01
  0.54963617E+00  0.23417445E+01
  0.55962956E+00 -0.23396919E+01
  0.55962956E+00  0.23396919E+01
  0.56962294E+00 -0.23376087E+01
  0.56962294E+00  0.23376087E+01
  0.57961633E+00 -0.23354953E+01
  0.57961633E+00  0.23354953E+01
  0.58960971E+00 -0.23333521E+01
  0.58960971E+00  0.23333521E+01
  0.59960310E+00 -0.23311793E+01
  0.59960310E+00  0.23311793E+01
  0.60959648E+00 -0.23289774E+01
  0.60959648E+00  0.23289774E+01
  0.61958987E+00 -0.23267468E+01
  0.61958987E+00  0.23267468E+01
  0.62958325E+00 -0.23244880E+01
  0.62958325E+00  0.23244880E+01
  0.63957664E+00 -0.23222012E+01
  0.63957664E+00  0.23222012E+01
  0.64957002E+00 -0.23198869E+01
  0.64957002E+00  0.23198869E+01
  0.65956341E+00 -0.23175456E+01
  0.65956341E+00  0.23175456E+01
  0.66955679E+00 -0.23151776E+01
  0.66955679E+00  0.23151776E+01
  0.67955018E+00 -0.23127835E+01
  0.67955018E+00  0.23127835E+01
  0.68954356E+00 -0.23103637E+01
  0.68954356E+00  0.23103637E+01
  0.69953694E+00 -0.23079186E+01
  0.69953694E+00  0.23079186E+01
  0.70953033E+00 -0.23054487E+01
  0.70953033E+00  0.23054487E+01
  0.71952371E+00 -0.23029545E+01
  0.71952371E+00  0.23029545E+01
  0.72951710E+00 -0.23004365E+01
  0.72951710E+00  0.23004365E+01
  0.73951048E+00 -0.22978952E+01
  0.73951048E+00  0.22978952E+01
  0.74950387E+00 -0.22953311E+01
  0.74950387E+00  0.22953311E+01
  0.75949725E+00 -0.22927446E+01
  0.75949725E+00  0.22927446E+01
  0.76949064E+00 -0.22901364E+01
  0.76949064E+00  0.22901364E+01
  0.77948402E+00 -0.22875069E+01
  0.77948402E+00  0.22875069E+01
  0.78947741E+00 -0.22848567E+01
  0.78947741E+00  0.22848567E+01
  0.79947079E+00 -0.22821863E+01
  0.79947079E+00  0.22821863E+01
  0.80946418E+00 -0.22794964E+01
  0.80946418E+00  0.22794964E+01
  0.81945756E+00 -0.22767874E+01
  0.81945756E+00  0.22767874E+01
  0.82945095E+00 -0.22740599E+01
  0.82945095E+00  0.22740599E+01
  0.83944433E+00 -0.22713146E+01
  0.83944433E+00  0.22713146E+01
  0.84943772E+00 -0.22685520E+01
  0.84943772E+00  0.22685520E+01
  0.85943110E+00 -0.22657727E+01
  0.85943110E+00  0.22657727E+01
  0.86942449E+00 -0.22629774E+01
  0.86942449E+00  0.22629774E+01
  0.87941787E+00 -0.22601666E+01
  0.87941787E+00  0.22601666E+01
  0.88941126E+00 -0.22573410E+01
  0.88941126E+00  0.22573410E+01
  0.89940464E+00 -0.22545013E+01
  0.89940464E+00  0.22545013E+01
  0.90939803E+00 -0.22516480E+01
  0.90939803E+00  0.22516480E+01
  0.91939141E+00 -0.22487819E+01
  0.91939141E+00  0.22487819E+01
  0.92938480E+00 -0.22459035E+01
  0.92938480E+00  0.22459035E+01
  0.93937818E+00 -0.22430137E+01
  0.93937818E+00  0.22430137E+01
  0.94937157E+00 -0.22401130E+01
  0.94937157E+00  0.22401130E+01
  0.95936495E+00 -0.22372022E+01
  0.95936495E+00  0.22372022E+01
  0.96935834E+00 -0.22342819E+01
  0.96935834E+00  0.22342819E+01
  0.97935172E+00 -0.22313529E+01
  0.97935172E+00  0.22313529E+01
  0.98934511E+00 -0.22284159E+01
  0.98934511E+00  0.22284159E+01
  0.99933849E+00 -0.22254716E+01
  0.99933849E+00  0.22254716E+01
  0.10093319E+01 -0.22225207E+01
  0.10093319E+01  0.22225207E+01
  0.10193253E+01 -0.22195640E+01
  0.10193253E+01  0.22195640E+01
  0.10293186E+01 -0.22166023E+01
  0.10293186E+01  0.22166023E+01
  0.10393120E+01 -0.22136363E+01
  0.10393120E+01  0.22136363E+01
  0.10493054E+01 -0.22106668E+01
  0.10493054E+01  0.22106668E+01
  0.10592988E+01 -0.22076945E+01
  0.10592988E+01  0.22076945E+01
  0.10692922E+01 -0.22047202E+01
  0.10692922E+01  0.22047202E+01
  0.10792856E+01 -0.22017448E+01
  0.10792856E+01  0.22017448E+01
  0.10892790E+01 -0.21987690E+01
  0.10892790E+01  0.21987690E+01
  0.10992723E+01 -0.21957936E+01
  0.10992723E+01  0.21957936E+01
  0.11092657E+01 -0.21928195E+01
  0.11092657E+01  0.21928195E+01
  0.11192591E+01 -0.21898474E+01
  0.11192591E+01  0.21898474E+01
  0.11292525E+01 -0.21868783E+01
  0.11292525E+01  0.21868783E+01
  0.11392459E+01 -0.21839129E+01
  0.11392459E+01  0.21839129E+01
  0.11492393E+01 -0.21809520E+01
  0.11492393E+01  0.21809520E+01
  0.11592327E+01 -0.21779966E+01
  0.11592327E+01  0.21779966E+01
  0.11692260E+01 -0.21750474E+01
  0.11692260E+01  0.21750474E+01
  0.11792194E+01 -0.21721054E+01
  0.11792194E+01  0.21721054E+01
  0.11892128E+01 -0.21691713E+01
  0.11892128E+01  0.21691713E+01
  0.11992062E+01 -0.21662462E+01
  0.11992062E+01  0.21662462E+01
  0.12091996E+01 -0.21633308E+01
  0.12091996E+01  0.21633308E+01
  0.12191930E+01 -0.21604260E+01
  0.12191930E+01  0.21604260E+01
  0.12291863E+01 -0.21575327E+01
  0.12291863E+01  0.21575327E+01
  0.12391797E+01 -0.21546518E+01
  0.12391797E+01  0.21546518E+01
  0.12491731E+01 -0.21517843E+01
  0.12491731E+01  0.21517843E+01
  0.12591665E+01 -0.21489309E+01
  0.12591665E+01  0.21489309E+01
  0.12691599E+01 -0.21460926E+01
  0.12691599E+01  0.21460926E+01
  0.12791533E+01 -0.21432703E+01
  0.12791533E+01  0.21432703E+01
  0.12891467E+01 -0.21404650E+01
  0.12891467E+01  0.21404650E+01
  0.12991400E+01 -0.21376774E+01
  0.12991400E+01  0.21376774E+01
  0.13091334E+01 -0.21349086E+01
  0.13091334E+01  0.21349086E+01
  0.13191268E+01 -0.21321595E+01
  0.13191268E+01  0.21321595E+01
  0.13291202E+01 -0.21294309E+01
  0.13291202E+01  0.21294309E+01
  0.13391136E+01 -0.21267238E+01
  0.13391136E+01  0.21267238E+01
  0.13491070E+01 -0.21240391E+01
  0.13491070E+01  0.21240391E+01
  0.13591004E+01 -0.21213778E+01
  0.13591004E+01  0.21213778E+01
  0.13690937E+01 -0.21187407E+01
  0.13690937E+01  0.21187407E+01
  0.13790871E+01 -0.21161288E+01
  0.13790871E+01  0.21161288E+01
  0.13890805E+01 -0.21135429E+01
  0.13890805E+01  0.21135429E+01
  0.13990739E+01 -0.21109841E+01
  0.13990739E+01  0.21109841E+01
  0.14090673E+01 -0.21084532E+01
  0.14090673E+01  0.21084532E+01
  0.14190607E+01 -0.21059512E+01
  0.14190607E+01  0.21059512E+01
  0.14290540E+01 -0.21034788E+01
  0.14290540E+01  0.21034788E+01
  0.14390474E+01 -0.21010372E+01
  0.14390474E+01  0.21010372E+01
  0.14490408E+01 -0.20986271E+01
  0.14490408E+01  0.20986271E+01
  0.14590342E+01 -0.20962495E+01
  0.14590342E+01  0.20962495E+01
  0.14690276E+01 -0.20939053E+01
  0.14690276E+01  0.20939053E+01
  0.14790210E+01 -0.20915953E+01
  0.14790210E+01  0.20915953E+01
  0.14890144E+01 -0.20893205E+01
  0.14890144E+01  0.20893205E+01
  0.14990077E+01 -0.20870818E+01
  0.14990077E+01  0.20870818E+01
  0.15090011E+01 -0.20848799E+01
  0.15090011E+01  0.20848799E+01
  0.15189945E+01 -0.20827159E+01
  0.15189945E+01  0.20827159E+01
  0.15289879E+01 -0.20805905E+01
  0.15289879E+01  0.20805905E+01
  0.15389813E+01 -0.20785046E+01
  0.15389813E+01  0.20785046E+01
  0.15489747E+01 -0.20764590E+01
  0.15489747E+01  0.20764590E+01
  0.15589680E+01 -0.20744547E+01
  0.15589680E+01  0.20744547E+01
  0.15689614E+01 -0.20724924E+01
  0.15689614E+01  0.20724924E+01
  0.15789548E+01 -0.20705729E+01
  0.15789548E+01  0.20705729E+01
  0.15889482E+01 -0.20686971E+01
  0.15889482E+01  0.20686971E+01
  0.15989416E+01 -0.20668658E+01
  0.15989416E+01  0.20668658E+01
  0.16089350E+01 -0.20650797E+01
  0.16089350E+01  0.20650797E+01
  0.16189284E+01 -0.20633397E+01
  0.16189284E+01  0.20633397E+01
  0.16289217E+01 -0.20616464E+01
  0.16289217E+01  0.20616464E+01
  0.16389151E+01 -0.20600007E+01
  0.16389151E+01  0.20600007E+01
  0.16489085E+01 -0.20584033E+01
  0.16489085E+01  0.20584033E+01
  0.16589019E+01 -0.20568548E+01
  0.16589019E+01  0.20568548E+01
  0.16688953E+01 -0.20553561E+01
  0.16688953E+01  0.20553561E+01
  0.16788887E+01 -0.20539079E+01
  0.16788887E+01  0.20539079E+01
  0.16888821E+01 -0.20525107E+01
  0.16888821E+01  0.20525107E+01
  0.16988754E+01 -0.20511653E+01
  0.16988754E+01  0.20511653E+01
  0.17088688E+01 -0.20498722E+01
  0.17088688E+01  0.20498722E+01
  0.17188622E+01 -0.20486323E+01
  0.17188622E+01  0.20486323E+01
  0.17288556E+01 -0.20474460E+01
  0.17288556E+01  0.20474460E+01
  0.17388490E+01 -0.20463139E+01
  0.17388490E+01  0.20463139E+01
  0.17488424E+01 -0.20452367E+01
  0.17488424E+01  0.20452367E+01
  0.17588357E+01 -0.20442148E+01
  0.17588357E+01  0.20442148E+01
  0.17688291E+01 -0.20432489E+01
  0.17688291E+01  0.20432489E+01
  0.17788225E+01 -0.20423394E+01
  0.17788225E+01  0.20423394E+01
  0.17888159E+01 -0.20414869E+01
  0.17888159E+01  0.20414869E+01
  0.17988093E+01 -0.20406918E+01
  0.17988093E+01  0.20406918E+01
  0.18088027E+01 -0.20399546E+01
  0.18088027E+01  0.20399546E+01
  0.18187961E+01 -0.20392757E+01
  0.18187961E+01  0.20392757E+01
  0.18287894E+01 -0.20386555E+01
  0.18287894E+01  0.20386555E+01
  0.18387828E+01 -0.20380945E+01
  0.18387828E+01  0.20380945E+01
  0.18487762E+01 -0.20375929E+01
  0.18487762E+01  0.20375929E+01
  0.18587696E+01 -0.20371512E+01
  0.18587696E+01  0.20371512E+01
  0.18687630E+01 -0.20367697E+01
  0.18687630E+01  0.20367697E+01
  0.18787564E+01 -0.20364486E+01
  0.18787564E+01  0.20364486E+01
  0.18887498E+01 -0.20361883E+01
  0.18887498E+01  0.20361883E+01
  0.18987431E+01 -0.20359889E+01
  0.18987431E+01  0.20359889E+01
  0.19087365E+01 -0.20358508E+01
  0.19087365E+01  0.20358508E+01
  0.19187299E+01 -0.20357741E+01
  0.19187299E+01  0.20357741E+01
  0.19287233E+01 -0.20357590E+01
  0.19287233E+01  0.20357590E+01
  0.19387167E+01 -0.20358056E+01
  0.19387167E+01  0.20358056E+01
  0.19487101E+01 -0.20359141E+01
  0.19487101E+01  0.20359141E+01
  0.19587034E+01 -0.20360846E+01
  0.19587034E+01  0.20360846E+01
  0.19686968E+01 -0.20363171E+01
  0.19686968E+01  0.20363171E+01
  0.19786902E+01 -0.20366117E+01
  0.19786902E+01  0.20366117E+01
  0.19886836E+01 -0.20369684E+01
  0.19886836E+01  0.20369684E+01
  0.19986770E+01 -0.20373873E+01
  0.19986770E+01  0.20373873E+01
  0.20086704E+01 -0.20378682E+01
  0.20086704E+01  0.20378682E+01
  0.20186638E+01 -0.20384111E+01
  0.20186638E+01  0.20384111E+01
  0.20286571E+01 -0.20390160E+01
  0.20286571E+01  0.20390160E+01
  0.20386505E+01 -0.20396827E+01
  0.20386505E+01  0.20396827E+01
  0.20486439E+01 -0.20404111E+01
  0.20486439E+01  0.20404111E+01
  0.20586373E+01 -0.20412010E+01
  0.20586373E+01  0.20412010E+01
  0.20686307E+01 -0.20420523E+01
  0.20686307E+01  0.20420523E+01
  0.20786241E+01 -0.20429646E+01
  0.20786241E+01  0.20429646E+01
  0.20886174E+01 -0.20439379E+01
  0.20886174E+01  0.20439379E+01
  0.20986108E+01 -0.20449717E+01
  0.20986108E+01  0.20449717E+01
  0.21086042E+01 -0.20460659E+01
  0.21086042E+01  0.20460659E+01
  0.21185976E+01 -0.20472200E+01
  0.21185976E+01  0.20472200E+01
  0.21285910E+01 -0.20484338E+01
  0.21285910E+01  0.20484338E+01
  0.21385844E+01 -0.20497069E+01
  0.21385844E+01  0.20497069E+01
  0.21485778E+01 -0.20510388E+01
  0.21485778E+01  0.20510388E+01
  0.21585711E+01 -0.20524291E+01
  0.21585711E+01  0.20524291E+01
  0.21685645E+01 -0.20538774E+01
  0.21685645E+01  0.20538774E+01
  0.21785579E+01 -0.20553833E+01
  0.21785579E+01  0.20553833E+01
  0.21885513E+01 -0.20569461E+01
  0.21885513E+01  0.20569461E+01
  0.21985447E+01 -0.20585655E+01
  0.21985447E+01  0.20585655E+01
  0.22085381E+01 -0.20602407E+01
  0.22085381E+01  0.20602407E+01
  0.22185315E+01 -0.20619714E+01
  0.22185315E+01  0.20619714E+01
  0.22285248E+01 -0.20637568E+01
  0.22285248E+01  0.20637568E+01
  0.22385182E+01 -0.20655963E+01
  0.22385182E+01  0.20655963E+01
  0.22485116E+01 -0.20674894E+01
  0.22485116E+01  0.20674894E+01
  0.22585050E+01 -0.20694353E+01
  0.22585050E+01  0.20694353E+01
  0.22684984E+01 -0.20714333E+01
  0.22684984E+01  0.20714333E+01
  0.22784918E+01 -0.20734828E+01
  0.22784918E+01  0.20734828E+01
  0.22884851E+01 -0.20755829E+01
  0.22884851E+01  0.20755829E+01
  0.22984785E+01 -0.20777331E+01
  0.22984785E+01  0.20777331E+01
  0.23084719E+01 -0.20799324E+01
  0.23084719E+01  0.20799324E+01
  0.23184653E+01 -0.20821801E+01
  0.23184653E+01  0.20821801E+01
  0.23284587E+01 -0.20844754E+01
  0.23284587E+01  0.20844754E+01
  0.23384521E+01 -0.20868174E+01
  0.23384521E+01  0.20868174E+01
  0.23484455E+01 -0.20892053E+01
  0.23484455E+01  0.20892053E+01
  0.23584388E+01 -0.20916383E+01
  0.23584388E+01  0.20916383E+01
  0.23684322E+01 -0.20941154E+01
  0.23684322E+01  0.20941154E+01
  0.23784256E+01 -0.20966357E+01
  0.23784256E+01  0.20966357E+01
  0.23884190E+01 -0.20991984E+01
  0.23884190E+01  0.20991984E+01
  0.23984124E+01 -0.21018024E+01
  0.23984124E+01  0.21018024E+01
  0.24084058E+01 -0.21044468E+01
  0.24084058E+01  0.21044468E+01
  0.24183992E+01 -0.21071308E+01
  0.24183992E+01  0.21071308E+01
  0.24283925E+01 -0.21098531E+01
  0.24283925E+01  0.21098531E+01
  0.24383859E+01 -0.21126130E+01
  0.24383859E+01  0.21126130E+01
  0.24483793E+01 -0.21154093E+01
  0.24483793E+01  0.21154093E+01
  0.24583727E+01 -0.21182411E+01
  0.24583727E+01  0.21182411E+01
  0.24683661E+01 -0.21211073E+01
  0.24683661E+01  0.21211073E+01
  0.24783595E+01 -0.21240068E+01
  0.24783595E+01  0.21240068E+01
  0.24883528E+01 -0.21269387E+01
  0.24883528E+01  0.21269387E+01
  0.24983462E+01 -0.21299017E+01
  0.24983462E+01  0.21299017E+01
  0.25083396E+01 -0.21328949E+01
  0.25083396E+01  0.21328949E+01
  0.25183330E+01 -0.21359172E+01
  0.25183330E+01  0.21359172E+01
  0.25283264E+01 -0.21389674E+01
  0.25283264E+01  0.21389674E+01
  0.25383198E+01 -0.21420445E+01
  0.25383198E+01  0.21420445E+01
  0.25483132E+01 -0.21451473E+01
  0.25483132E+01  0.21451473E+01
  0.25583065E+01 -0.21482747E+01
  0.25583065E+01  0.21482747E+01
  0.25682999E+01 -0.21514255E+01
  0.25682999E+01  0.21514255E+01
  0.25782933E+01 -0.21545987E+01
  0.25782933E+01  0.21545987E+01
  0.25882867E+01 -0.21577931E+01
  0.25882867E+01  0.21577931E+01
  0.25982801E+01 -0.21610075E+01
  0.25982801E+01  0.21610075E+01
  0.26082735E+01 -0.21642407E+01
  0.26082735E+01  0.21642407E+01
  0.26182669E+01 -0.21674917E+01
  0.26182669E+01  0.21674917E+01
  0.26282602E+01 -0.21707592E+01
  0.26282602E+01  0.21707592E+01
  0.26382536E+01 -0.21740421E+01
  0.26382536E+01  0.21740421E+01
  0.26482470E+01 -0.21773392E+01
  0.26482470E+01  0.21773392E+01
  0.26582404E+01 -0.21806493E+01
  0.26582404E+01  0.21806493E+01
  0.26682338E+01 -0.21839713E+01
  0.26682338E+01  0.21839713E+01
  0.26782272E+01 -0.21873039E+01
  0.26782272E+01  0.21873039E+01
  0.26882205E+01 -0.21906460E+01
  0.26882205E+01  0.21906460E+01
  0.26982139E+01 -0.21939965E+01
  0.26982139E+01  0.21939965E+01
  0.27082073E+01 -0.21973540E+01
  0.27082073E+01  0.21973540E+01
  0.27182007E+01 -0.22007175E+01
  0.27182007E+01  0.22007175E+01
  0.27281941E+01 -0.22040858E+01
  0.27281941E+01  0.22040858E+01
  0.27381875E+01 -0.22074577E+01
  0.27381875E+01  0.22074577E+01
  0.27481809E+01 -0.22108320E+01
  0.27481809E+01  0.22108320E+01
  0.27581742E+01 -0.22142075E+01
  0.27581742E+01  0.22142075E+01
  0.27681676E+01 -0.22175831E+01
  0.27681676E+01  0.22175831E+01
  0.27781610E+01 -0.22209575E+01
  0.27781610E+01  0.22209575E+01
  0.27881544E+01 -0.22243297E+01
  0.27881544E+01  0.22243297E+01
  0.27981478E+01 -0.22276985E+01
  0.27981478E+01  0.22276985E+01
  0.28081412E+01 -0.22310627E+01
  0.28081412E+01  0.22310627E+01
  0.28181345E+01 -0.22344211E+01
  0.28181345E+01  0.22344211E+01
  0.28281279E+01 -0.22377726E+01
  0.28281279E+01  0.22377726E+01
  0.28381213E+01 -0.22411161E+01
  0.28381213E+01  0.22411161E+01
  0.28481147E+01 -0.22444504E+01
  0.28481147E+01  0.22444504E+01
  0.28581081E+01 -0.22477744E+01
  0.28581081E+01  0.22477744E+01
  0.28681015E+01 -0.22510869E+01
  0.28681015E+01  0.22510869E+01
  0.28780949E+01 -0.22543869E+01
  0.28780949E+01  0.22543869E+01
  0.28880882E+01 -0.22576733E+01
  0.28880882E+01  0.22576733E+01
  0.28980816E+01 -0.22609448E+01
  0.28980816E+01  0.22609448E+01
  0.29080750E+01 -0.22642005E+01
  0.29080750E+01  0.22642005E+01
  0.29180684E+01 -0.22674393E+01
  0.29180684E+01  0.22674393E+01
  0.29280618E+01 -0.22706600E+01
  0.29280618E+01  0.22706600E+01
  0.29380552E+01 -0.22738615E+01
  0.29380552E+01  0.22738615E+01
  0.29480486E+01 -0.22770430E+01
  0.29480486E+01  0.22770430E+01
  0.29580419E+01 -0.22802032E+01
  0.29580419E+01  0.22802032E+01
  0.29680353E+01 -0.22833411E+01
  0.29680353E+01  0.22833411E+01
  0.29780287E+01 -0.22864557E+01
  0.29780287E+01  0.22864557E+01
  0.29880221E+01 -0.22895460E+01
  0.29880221E+01  0.22895460E+01
  0.29980155E+01 -0.22926110E+01
  0.29980155E+01  0.22926110E+01
  0.30080089E+01 -0.22956497E+01
  0.30080089E+01  0.22956497E+01
  0.30180022E+01 -0.22986610E+01
  0.30180022E+01  0.22986610E+01
  0.30279956E+01 -0.23016440E+01
  0.30279956E+01  0.23016440E+01
  0.30379890E+01 -0.23045977E+01
  0.30379890E+01  0.23045977E+01
  0.30479824E+01 -0.23075212E+01
  0.30479824E+01  0.23075212E+01
  0.30579758E+01 -0.23104136E+01
  0.30579758E+01  0.23104136E+01
  0.30679692E+01 -0.23132738E+01
  0.30679692E+01  0.23132738E+01
  0.30779626E+01 -0.23161010E+01
  0.30779626E+01  0.23161010E+01
  0.30879559E+01 -0.23188943E+01
  0.30879559E+01  0.23188943E+01
  0.30979493E+01 -0.23216527E+01
  0.30979493E+01  0.23216527E+01
  0.31079427E+01 -0.23243755E+01
  0.31079427E+01  0.23243755E+01
  0.31179361E+01 -0.23270617E+01
  0.31179361E+01  0.23270617E+01
  0.31279295E+01 -0.23297104E+01
  0.31279295E+01  0.23297104E+01
  0.31379229E+01 -0.23323209E+01
  0.31379229E+01  0.23323209E+01
  0.31479163E+01 -0.23348923E+01
  0.31479163E+01  0.23348923E+01
  0.31579096E+01 -0.23374238E+01
  0.31579096E+01  0.23374238E+01
  0.31679030E+01 -0.23399146E+01
  0.31679030E+01  0.23399146E+01
  0.31778964E+01 -0.23423639E+01
  0.31778964E+01  0.23423639E+01
  0.31878898E+01 -0.23447710E+01
  0.31878898E+01  0.23447710E+01
  0.31978832E+01 -0.23471350E+01
  0.31978832E+01  0.23471350E+01
  0.32078766E+01 -0.23494553E+01
  0.32078766E+01  0.23494553E+01
  0.32178699E+01 -0.23517312E+01
  0.32178699E+01  0.23517312E+01
  0.32278633E+01 -0.23539618E+01
  0.32278633E+01  0.23539618E+01
  0.32378567E+01 -0.23561466E+01
  0.32378567E+01  0.23561466E+01
  0.32478501E+01 -0.23582849E+01
  0.32478501E+01  0.23582849E+01
  0.32578435E+01 -0.23603759E+01
  0.32578435E+01  0.23603759E+01
  0.32678369E+01 -0.23624190E+01
  0.32678369E+01  0.23624190E+01
  0.32778303E+01 -0.23644137E+01
  0.32778303E+01  0.23644137E+01
  0.32878236E+01 -0.23663593E+01
  0.32878236E+01  0.23663593E+01
  0.32978170E+01 -0.23682551E+01
  0.32978170E+01  0.23682551E+01
  0.33078104E+01 -0.23701007E+01
  0.33078104E+01  0.23701007E+01
  0.33178038E+01 -0.23718954E+01
  0.33178038E+01  0.23718954E+01
  0.33277972E+01 -0.23736387E+01
  0.33277972E+01  0.23736387E+01
  0.33377906E+01 -0.23753300E+01
  0.33377906E+01  0.23753300E+01
  0.33477840E+01 -0.23769690E+01
  0.33477840E+01  0.23769690E+01
  0.33577773E+01 -0.23785549E+01
  0.33577773E+01  0.23785549E+01
  0.33677707E+01 -0.23800874E+01
  0.33677707E+01  0.23800874E+01
  0.33777641E+01 -0.23815660E+01
  0.33777641E+01  0.23815660E+01
  0.33877575E+01 -0.23829903E+01
  0.33877575E+01  0.23829903E+01
  0.33977509E+01 -0.23843597E+01
  0.33977509E+01  0.23843597E+01
  0.34077443E+01 -0.23856740E+01
  0.34077443E+01  0.23856740E+01
  0.34177376E+01 -0.23869326E+01
  0.34177376E+01  0.23869326E+01
  0.34277310E+01 -0.23881353E+01
  0.34277310E+01  0.23881353E+01
  0.34377244E+01 -0.23892816E+01
  0.34377244E+01  0.23892816E+01
  0.34477178E+01 -0.23903712E+01
  0.34477178E+01  0.23903712E+01
  0.34577112E+01 -0.23914038E+01
  0.34577112E+01  0.23914038E+01
  0.34677046E+01 -0.23923791E+01
  0.34677046E+01  0.23923791E+01
  0.34776980E+01 -0.23932968E+01
  0.34776980E+01  0.23932968E+01
  0.34876913E+01 -0.23941565E+01
  0.34876913E+01  0.23941565E+01
  0.34976847E+01 -0.23949581E+01
  0.34976847E+01  0.23949581E+01
  0.35076781E+01 -0.23957012E+01
  0.35076781E+01  0.23957012E+01
  0.35176715E+01 -0.23963857E+01
  0.35176715E+01  0.23963857E+01
  0.35276649E+01 -0.23970114E+01
  0.35276649E+01  0.23970114E+01
  0.35376583E+01 -0.23975781E+01
  0.35376583E+01  0.23975781E+01
  0.35476516E+01 -0.23980856E+01
  0.35476516E+01  0.23980856E+01
  0.35576450E+01 -0.23985337E+01
  0.35576450E+01  0.23985337E+01
  0.35676384E+01 -0.23989224E+01
  0.35676384E+01  0.23989224E+01
  0.35776318E+01 -0.23992515E+01
  0.35776318E+01  0.23992515E+01
  0.35876252E+01 -0.23995208E+01
  0.35876252E+01  0.23995208E+01
  0.35976186E+01 -0.23997304E+01
  0.35976186E+01  0.23997304E+01
  0.36076120E+01 -0.23998802E+01
  0.36076120E+01  0.23998802E+01
  0.36176053E+01 -0.23999700E+01
  0.36176053E+01  0.23999700E+01
  0.36275987E+01 -0.24000000E+01
  0.36275987E+01  0.24000000E+01
  0.36376198E+01 -0.23999197E+01
  0.36376198E+01  0.23999197E+01
  0.36476408E+01 -0.23996787E+01
  0.36476408E+01  0.23996787E+01
  0.36576618E+01 -0.23992770E+01
  0.36576618E+01  0.23992770E+01
  0.36676828E+01 -0.23987148E+01
  0.36676828E+01  0.23987148E+01
  0.36777039E+01 -0.23979920E+01
  0.36777039E+01  0.23979920E+01
  0.36877249E+01 -0.23971088E+01
  0.36877249E+01  0.23971088E+01
  0.36977459E+01 -0.23960653E+01
  0.36977459E+01  0.23960653E+01
  0.37077670E+01 -0.23948615E+01
  0.37077670E+01  0.23948615E+01
  0.37177880E+01 -0.23934975E+01
  0.37177880E+01  0.23934975E+01
  0.37278090E+01 -0.23919737E+01
  0.37278090E+01  0.23919737E+01
  0.37378300E+01 -0.23902900E+01
  0.37378300E+01  0.23902900E+01
  0.37478511E+01 -0.23884467E+01
  0.37478511E+01  0.23884467E+01
  0.37578721E+01 -0.23864441E+01
  0.37578721E+01  0.23864441E+01
  0.37678931E+01 -0.23842822E+01
  0.37678931E+01  0.23842822E+01
  0.37779142E+01 -0.23819614E+01
  0.37779142E+01  0.23819614E+01
  0.37879352E+01 -0.23794819E+01
  0.37879352E+01  0.23794819E+01
  0.37979562E+01 -0.23768440E+01
  0.37979562E+01  0.23768440E+01
  0.38079773E+01 -0.23740479E+01
  0.38079773E+01  0.23740479E+01
  0.38179983E+01 -0.23710940E+01
  0.38179983E+01  0.23710940E+01
  0.38280193E+01 -0.23679827E+01
  0.38280193E+01  0.23679827E+01
  0.38380403E+01 -0.23647141E+01
  0.38380403E+01  0.23647141E+01
  0.38480614E+01 -0.23612888E+01
  0.38480614E+01  0.23612888E+01
  0.38580824E+01 -0.23577070E+01
  0.38580824E+01  0.23577070E+01
  0.38681034E+01 -0.23539692E+01
  0.38681034E+01  0.23539692E+01
  0.38781245E+01 -0.23500757E+01
  0.38781245E+01  0.23500757E+01
  0.38881455E+01 -0.23460271E+01
  0.38881455E+01  0.23460271E+01
  0.38981665E+01 -0.23418237E+01
  0.38981665E+01  0.23418237E+01
  0.39081875E+01 -0.23374659E+01
  0.39081875E+01  0.23374659E+01
  0.39182086E+01 -0.23329544E+01
  0.39182086E+01  0.23329544E+01
  0.39282296E+01 -0.23282895E+01
  0.39282296E+01  0.23282895E+01
  0.39382506E+01 -0.23234718E+01
  0.39382506E+01  0.23234718E+01
  0.39482717E+01 -0.23185018E+01
  0.39482717E+01  0.23185018E+01
  0.39582927E+01 -0.23133800E+01
  0.39582927E+01  0.23133800E+01
  0.39683137E+01 -0.23081070E+01
  0.39683137E+01  0.23081070E+01
  0.39783348E+01 -0.23026833E+01
  0.39783348E+01  0.23026833E+01
  0.39883558E+01 -0.22971097E+01
  0.39883558E+01  0.22971097E+01
  0.39983768E+01 -0.22913865E+01
  0.39983768E+01  0.22913865E+01
  0.40083978E+01 -0.22855146E+01
  0.40083978E+01  0.22855146E+01
  0.40184189E+01 -0.22794945E+01
  0.40184189E+01  0.22794945E+01
  0.40284399E+01 -0.22733268E+01
  0.40284399E+01  0.22733268E+01
  0.40384609E+01 -0.22670123E+01
  0.40384609E+01  0.22670123E+01
  0.40484820E+01 -0.22605516E+01
  0.40484820E+01  0.22605516E+01
  0.40585030E+01 -0.22539454E+01
  0.40585030E+01  0.22539454E+01
  0.40685240E+01 -0.22471944E+01
  0.40685240E+01  0.22471944E+01
  0.40785450E+01 -0.22402994E+01
  0.40785450E+01  0.22402994E+01
  0.40885661E+01 -0.22332611E+01
  0.40885661E+01  0.22332611E+01
  0.40985871E+01 -0.22260803E+01
  0.40985871E+01  0.22260803E+01
  0.41086081E+01 -0.22187577E+01
  0.41086081E+01  0.22187577E+01
  0.41186292E+01 -0.22112940E+01
  0.41186292E+01  0.22112940E+01
  0.41286502E+01 -0.22036902E+01
  0.41286502E+01  0.22036902E+01
  0.41386712E+01 -0.21959471E+01
  0.41386712E+01  0.21959471E+01
  0.41486922E+01 -0.21880654E+01
  0.41486922E+01  0.21880654E+01
  0.41587133E+01 -0.21800460E+01
  0.41587133E+01  0.21800460E+01
  0.41687343E+01 -0.21718898E+01
  0.41687343E+01  0.21718898E+01
  0.41787553E+01 -0.21635976E+01
  0.41787553E+01  0.21635976E+01
  0.41887764E+01 -0.21551703E+01
  0.41887764E+01  0.21551703E+01
  0.41987974E+01 -0.21466088E+01
  0.41987974E+01  0.21466088E+01
  0.42088184E+01 -0.21379141E+01
  0.42088184E+01  0.21379141E+01
  0.42188395E+01 -0.21290870E+01
  0.42188395E+01  0.21290870E+01
  0.42288605E+01 -0.21201285E+01
  0.42288605E+01  0.21201285E+01
  0.42388815E+01 -0.21110395E+01
  0.42388815E+01  0.21110395E+01
  0.42489025E+01 -0.21018210E+01
  0.42489025E+01  0.21018210E+01
  0.42589236E+01 -0.20924740E+01
  0.42589236E+01  0.20924740E+01
  0.42689446E+01 -0.20829995E+01
  0.42689446E+01  0.20829995E+01
  0.42789656E+01 -0.20733985E+01
  0.42789656E+01  0.20733985E+01
  0.42889867E+01 -0.20636719E+01
  0.42889867E+01  0.20636719E+01
  0.42990077E+01 -0.20538208E+01
  0.42990077E+01  0.20538208E+01
  0.43090287E+01 -0.20438462E+01
  0.43090287E+01  0.20438462E+01
  0.43190497E+01 -0.20337492E+01
  0.43190497E+01  0.20337492E+01
  0.43290708E+01 -0.20235309E+01
  0.43290708E+01  0.20235309E+01
  0.43390918E+01 -0.20131923E+01
  0.43390918E+01  0.20131923E+01
  0.43491128E+01 -0.20027344E+01
  0.43491128E+01  0.20027344E+01
  0.43591339E+01 -0.19921584E+01
  0.43591339E+01  0.19921584E+01
  0.43691549E+01 -0.19814655E+01
  0.43691549E+01  0.19814655E+01
  0.43791759E+01 -0.19706566E+01
  0.43791759E+01  0.19706566E+01
  0.43891969E+01 -0.19597329E+01
  0.43891969E+01  0.19597329E+01
  0.43992180E+01 -0.19486955E+01
  0.43992180E+01  0.19486955E+01
  0.44092390E+01 -0.19375457E+01
  0.44092390E+01  0.19375457E+01
  0.44192600E+01 -0.19262845E+01
  0.44192600E+01  0.19262845E+01
  0.44292811E+01 -0.19149131E+01
  0.44292811E+01  0.19149131E+01
  0.44393021E+01 -0.19034326E+01
  0.44393021E+01  0.19034326E+01
  0.44493231E+01 -0.18918444E+01
  0.44493231E+01  0.18918444E+01
  0.44593442E+01 -0.18801494E+01
  0.44593442E+01  0.18801494E+01
  0.44693652E+01 -0.18683490E+01
  0.44693652E+01  0.18683490E+01
  0.44793862E+01 -0.18564444E+01
  0.44793862E+01  0.18564444E+01
  0.44894072E+01 -0.18444367E+01
  0.44894072E+01  0.18444367E+01
  0.44994283E+01 -0.18323272E+01
  0.44994283E+01  0.18323272E+01
  0.45094493E+01 -0.18201171E+01
  0.45094493E+01  0.18201171E+01
  0.45194703E+01 -0.18078077E+01
  0.45194703E+01  0.18078077E+01
  0.45294914E+01 -0.17954001E+01
  0.45294914E+01  0.17954001E+01
  0.45395124E+01 -0.17828958E+01
  0.45395124E+01  0.17828958E+01
  0.45495334E+01 -0.17702958E+01
  0.45495334E+01  0.17702958E+01
  0.45595544E+01 -0.17576015E+01
  0.45595544E+01  0.17576015E+01
  0.45695755E+01 -0.17448142E+01
  0.45695755E+01  0.17448142E+01
  0.45795965E+01 -0.17319351E+01
  0.45795965E+01  0.17319351E+01
  0.45896175E+01 -0.17189655E+01
  0.45896175E+01  0.17189655E+01
  0.45996386E+01 -0.17059068E+01
  0.45996386E+01  0.17059068E+01
  0.46096596E+01 -0.16927602E+01
  0.46096596E+01  0.16927602E+01
  0.46196806E+01 -0.16795270E+01
  0.46196806E+01  0.16795270E+01
  0.46297016E+01 -0.16662086E+01
  0.46297016E+01  0.16662086E+01
  0.46397227E+01 -0.16528062E+01
  0.46397227E+01  0.16528062E+01
  0.46497437E+01 -0.16393212E+01
  0.46497437E+01  0.16393212E+01
  0.46597647E+01 -0.16257549E+01
  0.46597647E+01  0.16257549E+01
  0.46697858E+01 -0.16121086E+01
  0.46697858E+01  0.16121086E+01
  0.46798068E+01 -0.15983837E+01
  0.46798068E+01  0.15983837E+01
  0.46898278E+01 -0.15845815E+01
  0.46898278E+01  0.15845815E+01
  0.46998489E+01 -0.15707034E+01
  0.46998489E+01  0.15707034E+01
  0.47098699E+01 -0.15567507E+01
  0.47098699E+01  0.15567507E+01
  0.47198909E+01 -0.15427247E+01
  0.47198909E+01  0.15427247E+01
  0.47299119E+01 -0.15286268E+01
  0.47299119E+01  0.15286268E+01
  0.47399330E+01 -0.15144585E+01
  0.47399330E+01  0.15144585E+01
  0.47499540E+01 -0.15002209E+01
  0.47499540E+01  0.15002209E+01
  0.47599750E+01 -0.14859156E+01
  0.47599750E+01  0.14859156E+01
  0.47699961E+01 -0.14715438E+01
  0.47699961E+01  0.14715438E+01
  0.47800171E+01 -0.14571070E+01
  0.47800171E+01  0.14571070E+01
  0.47900381E+01 -0.14426065E+01
  0.47900381E+01  0.14426065E+01
  0.48000591E+01 -0.14280436E+01
  0.48000591E+01  0.14280436E+01
  0.48100802E+01 -0.14134198E+01
  0.48100802E+01  0.14134198E+01
  0.48201012E+01 -0.13987365E+01
  0.48201012E+01  0.13987365E+01
  0.48301222E+01 -0.13839950E+01
  0.48301222E+01  0.13839950E+01
  0.48401433E+01 -0.13691966E+01
  0.48401433E+01  0.13691966E+01
  0.48501643E+01 -0.13543429E+01
  0.48501643E+01  0.13543429E+01
  0.48601853E+01 -0.13394351E+01
  0.48601853E+01  0.13394351E+01
  0.48702063E+01 -0.13244746E+01
  0.48702063E+01  0.13244746E+01
  0.48802274E+01 -0.13094629E+01
  0.48802274E+01  0.13094629E+01
  0.48902484E+01 -0.12944013E+01
  0.48902484E+01  0.12944013E+01
  0.49002694E+01 -0.12792912E+01
  0.49002694E+01  0.12792912E+01
  0.49102905E+01 -0.12641339E+01
  0.49102905E+01  0.12641339E+01
  0.49203115E+01 -0.12489310E+01
  0.49203115E+01  0.12489310E+01
  0.49303325E+01 -0.12336836E+01
  0.49303325E+01  0.12336836E+01
  0.49403536E+01 -0.12183933E+01
  0.49403536E+01  0.12183933E+01
  0.49503746E+01 -0.12030613E+01
  0.49503746E+01  0.12030613E+01
  0.49603956E+01 -0.11876892E+01
  0.49603956E+01  0.11876892E+01
  0.49704166E+01 -0.11722782E+01
  0.49704166E+01  0.11722782E+01
  0.49804377E+01 -0.11568297E+01
  0.49804377E+01  0.11568297E+01
  0.49904587E+01 -0.11413451E+01
  0.49904587E+01  0.11413451E+01
  0.50004797E+01 -0.11258258E+01
  0.50004797E+01  0.11258258E+01
  0.50105008E+01 -0.11102731E+01
  0.50105008E+01  0.11102731E+01
  0.50205218E+01 -0.10946884E+01
  0.50205218E+01  0.10946884E+01
  0.50305428E+01 -0.10790731E+01
  0.50305428E+01  0.10790731E+01
  0.50405638E+01 -0.10634286E+01
  0.50405638E+01  0.10634286E+01
  0.50505849E+01 -0.10477561E+01
  0.50505849E+01  0.10477561E+01
  0.50606059E+01 -0.10320570E+01
  0.50606059E+01  0.10320570E+01
  0.50706269E+01 -0.10163328E+01
  0.50706269E+01  0.10163328E+01
  0.50806480E+01 -0.10005847E+01
  0.50806480E+01  0.10005847E+01
  0.50906690E+01 -0.98481403E+00
  0.50906690E+01  0.98481403E+00
  0.51006900E+01 -0.96902220E+00
  0.51006900E+01  0.96902220E+00
  0.51107110E+01 -0.95321053E+00
  0.51107110E+01  0.95321053E+00
  0.51207321E+01 -0.93738034E+00
  0.51207321E+01  0.93738034E+00
  0.51307531E+01 -0.92153296E+00
  0.51307531E+01  0.92153296E+00
  0.51407741E+01 -0.90566970E+00
  0.51407741E+01  0.90566970E+00
  0.51507952E+01 -0.88979189E+00
  0.51507952E+01  0.88979189E+00
  0.51608162E+01 -0.87390082E+00
  0.51608162E+01  0.87390082E+00
  0.51708372E+01 -0.85799782E+00
  0.51708372E+01  0.85799782E+00
  0.51808583E+01 -0.84208417E+00
  0.51808583E+01  0.84208417E+00
  0.51908793E+01 -0.82616117E+00
  0.51908793E+01  0.82616117E+00
  0.52009003E+01 -0.81023011E+00
  0.52009003E+01  0.81023011E+00
  0.52109213E+01 -0.79429227E+00
  0.52109213E+01  0.79429227E+00
  0.52209424E+01 -0.77834892E+00
  0.52209424E+01  0.77834892E+00
  0.52309634E+01 -0.76240133E+00
  0.52309634E+01  0.76240133E+00
  0.52409844E+01 -0.74645077E+00
  0.52409844E+01  0.74645077E+00
  0.52510055E+01 -0.73049848E+00
  0.52510055E+01  0.73049848E+00
  0.52610265E+01 -0.71454572E+00
  0.52610265E+01  0.71454572E+00
  0.52710475E+01 -0.69859374E+00
  0.52710475E+01  0.69859374E+00
  0.52810685E+01 -0.68264375E+00
  0.52810685E+01  0.68264375E+00
  0.52910896E+01 -0.66669699E+00
  0.52910896E+01  0.66669699E+00
  0.53011106E+01 -0.65075468E+00
  0.53011106E+01  0.65075468E+00
  0.53111316E+01 -0.63481803E+00
  0.53111316E+01  0.63481803E+00
  0.53211527E+01 -0.61888823E+00
  0.53211527E+01  0.61888823E+00
  0.53311737E+01 -0.60296650E+00
  0.53311737E+01  0.60296650E+00
  0.53411947E+01 -0.58705401E+00
  0.53411947E+01  0.58705401E+00
  0.53512158E+01 -0.57115193E+00
  0.53512158E+01  0.57115193E+00
  0.53612368E+01 -0.55526145E+00
  0.53612368E+01  0.55526145E+00
  0.53712578E+01 -0.53938372E+00
  0.53712578E+01  0.53938372E+00
  0.53812788E+01 -0.52351990E+00
  0.53812788E+01  0.52351990E+00
  0.53912999E+01 -0.50767112E+00
  0.53912999E+01  0.50767112E+00
  0.54013209E+01 -0.49183852E+00
  0.54013209E+01  0.49183852E+00
  0.54113419E+01 -0.47602323E+00
  0.54113419E+01  0.47602323E+00
  0.54213630E+01 -0.46022636E+00
  0.54213630E+01  0.46022636E+00
  0.54313840E+01 -0.44444901E+00
  0.54313840E+01  0.44444901E+00
  0.54414050E+01 -0.42869230E+00
  0.54414050E+01  0.42869230E+00
  0.54514260E+01 -0.41295729E+00
  0.54514260E+01  0.41295729E+00
  0.54614471E+01 -0.39724507E+00
  0.54614471E+01  0.39724507E+00
  0.54714681E+01 -0.38155670E+00
  0.54714681E+01  0.38155670E+00
  0.54814891E+01 -0.36589324E+00
  0.54814891E+01  0.36589324E+00
  0.54915102E+01 -0.35025573E+00
  0.54915102E+01  0.35025573E+00
  0.55015312E+01 -0.33464522E+00
  0.55015312E+01  0.33464522E+00
  0.55115522E+01 -0.31906272E+00
  0.55115522E+01  0.31906272E+00
  0.55215732E+01 -0.30350926E+00
  0.55215732E+01  0.30350926E+00
  0.55315943E+01 -0.28798583E+00
  0.55315943E+01  0.28798583E+00
  0.55416153E+01 -0.27249342E+00
  0.55416153E+01  0.27249342E+00
  0.55516363E+01 -0.25703303E+00
  0.55516363E+01  0.25703303E+00
  0.55616574E+01 -0.24160562E+00
  0.55616574E+01  0.24160562E+00
  0.55716784E+01 -0.22621214E+00
  0.55716784E+01  0.22621214E+00
  0.55816994E+01 -0.21085355E+00
  0.55816994E+01  0.21085355E+00
  0.55917205E+01 -0.19553079E+00
  0.55917205E+01  0.19553079E+00
  0.56017415E+01 -0.18024478E+00
  0.56017415E+01  0.18024478E+00
  0.56117625E+01 -0.16499643E+00
  0.56117625E+01  0.16499643E+00
  0.56217835E+01 -0.14978665E+00
  0.56217835E+01  0.14978665E+00
  0.56318046E+01 -0.13461633E+00
  0.56318046E+01  0.13461633E+00
  0.56418256E+01 -0.11948634E+00
  0.56418256E+01  0.11948634E+00
  0.56518466E+01 -0.10439755E+00
  0.56518466E+01  0.10439755E+00
  0.56618677E+01 -0.89350826E-01
  0.56618677E+01  0.89350826E-01
  0.56718887E+01 -0.74346998E-01
  0.56718887E+01  0.74346998E-01
  0.56819097E+01 -0.59386900E-01
  0.56819097E+01  0.59386900E-01
  0.56919307E+01 -0.44471352E-01
  0.56919307E+01  0.44471352E-01
  0.57019518E+01 -0.29601159E-01
  0.57019518E+01  0.29601159E-01
  0.57119728E+01 -0.14777114E-01
  0.57119728E+01  0.14777114E-01
  0.57219938E+01 -0.12438246E-14
  0.57219938E+01  0.12438246E-14
  0.57319909E+01 -0.14694319E-01
  0.57319909E+01  0.14694319E-01
  0.57419881E+01 -0.29340416E-01
  0.57419881E+01  0.29340416E-01
  0.57519852E+01 -0.43937551E-01
  0.57519852E+01  0.43937551E-01
  0.57619823E+01 -0.58485000E-01
  0.57619823E+01  0.58485000E-01
  0.57719794E+01 -0.72982050E-01
  0.57719794E+01  0.72982050E-01
  0.57819765E+01 -0.87427998E-01
  0.57819765E+01  0.87427998E-01
  0.57919736E+01 -0.10182216E+00
  0.57919736E+01  0.10182216E+00
  0.58019707E+01 -0.11616385E+00
  0.58019707E+01  0.11616385E+00
  0.58119678E+01 -0.13045242E+00
  0.58119678E+01  0.13045242E+00
  0.58219650E+01 -0.14468722E+00
  0.58219650E+01  0.14468722E+00
  0.58319621E+01 -0.15886760E+00
  0.58319621E+01  0.15886760E+00
  0.58419592E+01 -0.17299294E+00
  0.58419592E+01  0.17299294E+00
  0.58519563E+01 -0.18706264E+00
  0.58519563E+01  0.18706264E+00
  0.58619534E+01 -0.20107608E+00
  0.58619534E+01  0.20107608E+00
  0.58719505E+01 -0.21503270E+00
  0.58719505E+01  0.21503270E+00
  0.58819476E+01 -0.22893192E+00
  0.58819476E+01  0.22893192E+00
  0.58919447E+01 -0.24277317E+00
  0.58919447E+01  0.24277317E+00
  0.59019419E+01 -0.25655591E+00
  0.59019419E+01  0.25655591E+00
  0.59119390E+01 -0.27027961E+00
  0.59119390E+01  0.27027961E+00
  0.59219361E+01 -0.28394375E+00
  0.59219361E+01  0.28394375E+00
  0.59319332E+01 -0.29754782E+00
  0.59319332E+01  0.29754782E+00
  0.59419303E+01 -0.31109133E+00
  0.59419303E+01  0.31109133E+00
  0.59519274E+01 -0.32457379E+00
  0.59519274E+01  0.32457379E+00
  0.59619245E+01 -0.33799474E+00
  0.59619245E+01  0.33799474E+00
  0.59719216E+01 -0.35135372E+00
  0.59719216E+01  0.35135372E+00
  0.59819188E+01 -0.36465030E+00
  0.59819188E+01  0.36465030E+00
  0.59919159E+01 -0.37788404E+00
  0.59919159E+01  0.37788404E+00
  0.60019130E+01 -0.39105452E+00
  0.60019130E+01  0.39105452E+00
  0.60119101E+01 -0.40416135E+00
  0.60119101E+01  0.40416135E+00
  0.60219072E+01 -0.41720414E+00
  0.60219072E+01  0.41720414E+00
  0.60319043E+01 -0.43018250E+00
  0.60319043E+01  0.43018250E+00
  0.60419014E+01 -0.44309608E+00
  0.60419014E+01  0.44309608E+00
  0.60518985E+01 -0.45594453E+00
  0.60518985E+01  0.45594453E+00
  0.60618957E+01 -0.46872750E+00
  0.60618957E+01  0.46872750E+00
  0.60718928E+01 -0.48144468E+00
  0.60718928E+01  0.48144468E+00
  0.60818899E+01 -0.49409574E+00
  0.60818899E+01  0.49409574E+00
  0.60918870E+01 -0.50668040E+00
  0.60918870E+01  0.50668040E+00
  0.61018841E+01 -0.51919836E+00
  0.61018841E+01  0.51919836E+00
  0.61118812E+01 -0.53164936E+00
  0.61118812E+01  0.53164936E+00
  0.61218783E+01 -0.54403313E+00
  0.61218783E+01  0.54403313E+00
  0.61318754E+01 -0.55634943E+00
  0.61318754E+01  0.55634943E+00
  0.61418726E+01 -0.56859801E+00
  0.61418726E+01  0.56859801E+00
  0.61518697E+01 -0.58077867E+00
  0.61518697E+01  0.58077867E+00
  0.61618668E+01 -0.59289118E+00
  0.61618668E+01  0.59289118E+00
  0.61718639E+01 -0.60493535E+00
  0.61718639E+01  0.60493535E+00
  0.61818610E+01 -0.61691100E+00
  0.61818610E+01  0.61691100E+00
  0.61918581E+01 -0.62881795E+00
  0.61918581E+01  0.62881795E+00
  0.62018552E+01 -0.64065605E+00
  0.62018552E+01  0.64065605E+00
  0.62118524E+01 -0.65242514E+00
  0.62118524E+01  0.65242514E+00
  0.62218495E+01 -0.66412510E+00
  0.62218495E+01  0.66412510E+00
  0.62318466E+01 -0.67575579E+00
  0.62318466E+01  0.67575579E+00
  0.62418437E+01 -0.68731711E+00
  0.62418437E+01  0.68731711E+00
  0.62518408E+01 -0.69880896E+00
  0.62518408E+01  0.69880896E+00
  0.62618379E+01 -0.71023125E+00
  0.62618379E+01  0.71023125E+00
  0.62718350E+01 -0.72158391E+00
  0.62718350E+01  0.72158391E+00
  0.62818321E+01 -0.73286687E+00
  0.62818321E+01  0.73286687E+00
  0.62918293E+01 -0.74408009E+00
  0.62918293E+01  0.74408009E+00
  0.63018264E+01 -0.75522352E+00
  0.63018264E+01  0.75522352E+00
  0.63118235E+01 -0.76629713E+00
  0.63118235E+01  0.76629713E+00
  0.63218206E+01 -0.77730092E+00
  0.63218206E+01  0.77730092E+00
  0.63318177E+01 -0.78823487E+00
  0.63318177E+01  0.78823487E+00
  0.63418148E+01 -0.79909899E+00
  0.63418148E+01  0.79909899E+00
  0.63518119E+01 -0.80989330E+00
  0.63518119E+01  0.80989330E+00
  0.63618090E+01 -0.82061783E+00
  0.63618090E+01  0.82061783E+00
  0.63718062E+01 -0.83127262E+00
  0.63718062E+01  0.83127262E+00
  0.63818033E+01 -0.84185772E+00
  0.63818033E+01  0.84185772E+00
  0.63918004E+01 -0.85237319E+00
  0.63918004E+01  0.85237319E+00
  0.64017975E+01 -0.86281910E+00
  0.64017975E+01  0.86281910E+00
  0.64117946E+01 -0.87319555E+00
  0.64117946E+01  0.87319555E+00
  0.64217917E+01 -0.88350261E+00
  0.64217917E+01  0.88350261E+00
  0.64317888E+01 -0.89374041E+00
  0.64317888E+01  0.89374041E+00
  0.64417859E+01 -0.90390905E+00
  0.64417859E+01  0.90390905E+00
  0.64517831E+01 -0.91400865E+00
  0.64517831E+01  0.91400865E+00
  0.64617802E+01 -0.92403937E+00
  0.64617802E+01  0.92403937E+00
  0.64717773E+01 -0.93400133E+00
  0.64717773E+01  0.93400133E+00
  0.64817744E+01 -0.94389470E+00
  0.64817744E+01  0.94389470E+00
  0.64917715E+01 -0.95371965E+00
  0.64917715E+01  0.95371965E+00
  0.65017686E+01 -0.96347634E+00
  0.65017686E+01  0.96347634E+00
  0.65117657E+01 -0.97316497E+00
  0.65117657E+01  0.97316497E+00
  0.65217628E+01 -0.98278573E+00
  0.65217628E+01  0.98278573E+00
  0.65317600E+01 -0.99233882E+00
  0.65317600E+01  0.99233882E+00
  0.65417571E+01 -0.10018245E+01
  0.65417571E+01  0.10018245E+01
  0.65517542E+01 -0.10112429E+01
  0.65517542E+01  0.10112429E+01
  0.65617513E+01 -0.10205943E+01
  0.65617513E+01  0.10205943E+01
  0.65717484E+01 -0.10298789E+01
  0.65717484E+01  0.10298789E+01
  0.65817455E+01 -0.10390971E+01
  0.65817455E+01  0.10390971E+01
  0.65917426E+01 -0.10482490E+01
  0.65917426E+01  0.10482490E+01
  0.66017397E+01 -0.10573349E+01
  0.66017397E+01  0.10573349E+01
  0.66117369E+01 -0.10663551E+01
  0.66117369E+01  0.10663551E+01
  0.66217340E+01 -0.10753099E+01
  0.66217340E+01  0.10753099E+01
  0.66317311E+01 -0.10841995E+01
  0.66317311E+01  0.10841995E+01
  0.66417282E+01 -0.10930243E+01
  0.66417282E+01  0.10930243E+01
  0.66517253E+01 -0.11017846E+01
  0.66517253E+01  0.11017846E+01
  0.66617224E+01 -0.11104807E+01
  0.66617224E+01  0.11104807E+01
  0.66717195E+01 -0.11191129E+01
  0.66717195E+01  0.11191129E+01
  0.66817166E+01 -0.11276816E+01
  0.66817166E+01  0.11276816E+01
  0.66917138E+01 -0.11361870E+01
  0.66917138E+01  0.11361870E+01
  0.67017109E+01 -0.11446296E+01
  0.67017109E+01  0.11446296E+01
  0.67117080E+01 -0.11530096E+01
  0.67117080E+01  0.11530096E+01
  0.67217051E+01 -0.11613275E+01
  0.67217051E+01  0.11613275E+01
  0.67317022E+01 -0.11695836E+01
  0.67317022E+01  0.11695836E+01
  0.67416993E+01 -0.11777782E+01
  0.67416993E+01  0.11777782E+01
  0.67516964E+01 -0.11859119E+01
  0.67516964E+01  0.11859119E+01
  0.67616935E+01 -0.11939848E+01
  0.67616935E+01  0.11939848E+01
  0.67716907E+01 -0.12019975E+01
  0.67716907E+01  0.12019975E+01
  0.67816878E+01 -0.12099504E+01
  0.67816878E+01  0.12099504E+01
  0.67916849E+01 -0.12178438E+01
  0.67916849E+01  0.12178438E+01
  0.68016820E+01 -0.12256781E+01
  0.68016820E+01  0.12256781E+01
  0.68116791E+01 -0.12334538E+01
  0.68116791E+01  0.12334538E+01
  0.68216762E+01 -0.12411713E+01
  0.68216762E+01  0.12411713E+01
  0.68316733E+01 -0.12488310E+01
  0.68316733E+01  0.12488310E+01
  0.68416704E+01 -0.12564333E+01
  0.68416704E+01  0.12564333E+01
  0.68516676E+01 -0.12639788E+01
  0.68516676E+01  0.12639788E+01
  0.68616647E+01 -0.12714677E+01
  0.68616647E+01  0.12714677E+01
  0.68716618E+01 -0.12789006E+01
  0.68716618E+01  0.12789006E+01
  0.68816589E+01 -0.12862780E+01
  0.68816589E+01  0.12862780E+01
  0.68916560E+01 -0.12936002E+01
  0.68916560E+01  0.12936002E+01
  0.69016531E+01 -0.13008677E+01
  0.69016531E+01  0.13008677E+01
  0.69116502E+01 -0.13080811E+01
  0.69116502E+01  0.13080811E+01
  0.69216474E+01 -0.13152407E+01
  0.69216474E+01  0.13152407E+01
  0.69316445E+01 -0.13223470E+01
  0.69316445E+01  0.13223470E+01
  0.69416416E+01 -0.13294006E+01
  0.69416416E+01  0.13294006E+01
  0.69516387E+01 -0.13364018E+01
  0.69516387E+01  0.13364018E+01
  0.69616358E+01 -0.13433513E+01
  0.69616358E+01  0.13433513E+01
  0.69716329E+01 -0.13502494E+01
  0.69716329E+01  0.13502494E+01
  0.69816300E+01 -0.13570966E+01
  0.69816300E+01  0.13570966E+01
  0.69916271E+01 -0.13638936E+01
  0.69916271E+01  0.13638936E+01
  0.70016243E+01 -0.13706406E+01
  0.70016243E+01  0.13706406E+01
  0.70116214E+01 -0.13773383E+01
  0.70116214E+01  0.13773383E+01
  0.70216185E+01 -0.13839871E+01
  0.70216185E+01  0.13839871E+01
  0.70316156E+01 -0.13905876E+01
  0.70316156E+01  0.13905876E+01
  0.70416127E+01 -0.13971402E+01
  0.70416127E+01  0.13971402E+01
  0.70516098E+01 -0.14036454E+01
  0.70516098E+01  0.14036454E+01
  0.70616069E+01 -0.14101038E+01
  0.70616069E+01  0.14101038E+01
  0.70716040E+01 -0.14165159E+01
  0.70716040E+01  0.14165159E+01
  0.70816012E+01 -0.14228822E+01
  0.70816012E+01  0.14228822E+01
  0.70915983E+01 -0.14292032E+01
  0.70915983E+01  0.14292032E+01
  0.71015954E+01 -0.14354794E+01
  0.71015954E+01  0.14354794E+01
  0.71115925E+01 -0.14417113E+01
  0.71115925E+01  0.14417113E+01
  0.71215896E+01 -0.14478995E+01
  0.71215896E+01  0.14478995E+01
  0.71315867E+01 -0.14540444E+01
  0.71315867E+01  0.14540444E+01
  0.71415838E+01 -0.14601466E+01
  0.71415838E+01  0.14601466E+01
  0.71515809E+01 -0.14662066E+01
  0.71515809E+01  0.14662066E+01
  0.71615781E+01 -0.14722250E+01
  0.71615781E+01  0.14722250E+01
  0.71715752E+01 -0.14782022E+01
  0.71715752E+01  0.14782022E+01
  0.71815723E+01 -0.14841387E+01
  0.71815723E+01  0.14841387E+01
  0.71915694E+01 -0.14900352E+01
  0.71915694E+01  0.14900352E+01
  0.72015665E+01 -0.14958920E+01
  0.72015665E+01  0.14958920E+01
  0.72115636E+01 -0.15017098E+01
  0.72115636E+01  0.15017098E+01
  0.72215607E+01 -0.15074890E+01
  0.72215607E+01  0.15074890E+01
  0.72315578E+01 -0.15132302E+01
  0.72315578E+01  0.15132302E+01
  0.72415550E+01 -0.15189339E+01
  0.72415550E+01  0.15189339E+01
  0.72515521E+01 -0.15246006E+01
  0.72515521E+01  0.15246006E+01
  0.72615492E+01 -0.15302308E+01
  0.72615492E+01  0.15302308E+01
  0.72715463E+01 -0.15358251E+01
  0.72715463E+01  0.15358251E+01
  0.72815434E+01 -0.15413839E+01
  0.72815434E+01  0.15413839E+01
  0.72915405E+01 -0.15469077E+01
  0.72915405E+01  0.15469077E+01
  0.73015376E+01 -0.15523972E+01
  0.73015376E+01  0.15523972E+01
  0.73115347E+01 -0.15578527E+01
  0.73115347E+01  0.15578527E+01
  0.73215319E+01 -0.15632749E+01
  0.73215319E+01  0.15632749E+01
  0.73315290E+01 -0.15686641E+01
  0.73315290E+01  0.15686641E+01
  0.73415261E+01 -0.15740209E+01
  0.73415261E+01  0.15740209E+01
  0.73515232E+01 -0.15793459E+01
  0.73515232E+01  0.15793459E+01
  0.73615203E+01 -0.15846395E+01
  0.73615203E+01  0.15846395E+01
  0.73715174E+01 -0.15899022E+01
  0.73715174E+01  0.15899022E+01
  0.73815145E+01 -0.15951345E+01
  0.73815145E+01  0.15951345E+01
  0.73915116E+01 -0.16003369E+01
  0.73915116E+01  0.16003369E+01
  0.74015088E+01 -0.16055099E+01
  0.74015088E+01  0.16055099E+01
  0.74115059E+01 -0.16106540E+01
  0.74115059E+01  0.16106540E+01
  0.74215030E+01 -0.16157696E+01
  0.74215030E+01  0.16157696E+01
  0.74315001E+01 -0.16208573E+01
  0.74315001E+01  0.16208573E+01
  0.74414972E+01 -0.16259175E+01
  0.74414972E+01  0.16259175E+01
  0.74514943E+01 -0.16309507E+01
  0.74514943E+01  0.16309507E+01
  0.74614914E+01 -0.16359574E+01
  0.74614914E+01  0.16359574E+01
  0.74714885E+01 -0.16409380E+01
  0.74714885E+01  0.16409380E+01
  0.74814857E+01 -0.16458931E+01
  0.74814857E+01  0.16458931E+01
  0.74914828E+01 -0.16508230E+01
  0.74914828E+01  0.16508230E+01
  0.75014799E+01 -0.16557282E+01
  0.75014799E+01  0.16557282E+01
  0.75114770E+01 -0.16606092E+01
  0.75114770E+01  0.16606092E+01
  0.75214741E+01 -0.16654664E+01
  0.75214741E+01  0.16654664E+01
  0.75314712E+01 -0.16703003E+01
  0.75314712E+01  0.16703003E+01
  0.75414683E+01 -0.16751113E+01
  0.75414683E+01  0.16751113E+01
  0.75514654E+01 -0.16798998E+01
  0.75514654E+01  0.16798998E+01
  0.75614626E+01 -0.16846664E+01
  0.75614626E+01  0.16846664E+01
  0.75714597E+01 -0.16894113E+01
  0.75714597E+01  0.16894113E+01
  0.75814568E+01 -0.16941351E+01
  0.75814568E+01  0.16941351E+01
  0.75914539E+01 -0.16988381E+01
  0.75914539E+01  0.16988381E+01
  0.76014510E+01 -0.17035207E+01
  0.76014510E+01  0.17035207E+01
  0.76114481E+01 -0.17081835E+01
  0.76114481E+01  0.17081835E+01
  0.76214452E+01 -0.17128267E+01
  0.76214452E+01  0.17128267E+01
  0.76314423E+01 -0.17174507E+01
  0.76314423E+01  0.17174507E+01
  0.76414395E+01 -0.17220561E+01
  0.76414395E+01  0.17220561E+01
  0.76514366E+01 -0.17266431E+01
  0.76514366E+01  0.17266431E+01
  0.76614337E+01 -0.17312121E+01
  0.76614337E+01  0.17312121E+01
  0.76714308E+01 -0.17357635E+01
  0.76714308E+01  0.17357635E+01
  0.76814279E+01 -0.17402977E+01
  0.76814279E+01  0.17402977E+01
  0.76914250E+01 -0.17448151E+01
  0.76914250E+01  0.17448151E+01
  0.77014221E+01 -0.17493159E+01
  0.77014221E+01  0.17493159E+01
  0.77114193E+01 -0.17538007E+01
  0.77114193E+01  0.17538007E+01
  0.77214164E+01 -0.17582696E+01
  0.77214164E+01  0.17582696E+01
  0.77314135E+01 -0.17627231E+01
  0.77314135E+01  0.17627231E+01
  0.77414106E+01 -0.17671615E+01
  0.77414106E+01  0.17671615E+01
  0.77514077E+01 -0.17715850E+01
  0.77514077E+01  0.17715850E+01
  0.77614048E+01 -0.17759942E+01
  0.77614048E+01  0.17759942E+01
  0.77714019E+01 -0.17803892E+01
  0.77714019E+01  0.17803892E+01
  0.77813990E+01 -0.17847704E+01
  0.77813990E+01  0.17847704E+01
  0.77913962E+01 -0.17891380E+01
  0.77913962E+01  0.17891380E+01
  0.78013933E+01 -0.17934925E+01
  0.78013933E+01  0.17934925E+01
  0.78113904E+01 -0.17978340E+01
  0.78113904E+01  0.17978340E+01
  0.78213875E+01 -0.18021629E+01
  0.78213875E+01  0.18021629E+01
  0.78313846E+01 -0.18064794E+01
  0.78313846E+01  0.18064794E+01
  0.78413817E+01 -0.18107839E+01
  0.78413817E+01  0.18107839E+01
  0.78513788E+01 -0.18150765E+01
  0.78513788E+01  0.18150765E+01
  0.78613759E+01 -0.18193576E+01
  0.78613759E+01  0.18193576E+01
  0.78713731E+01 -0.18236274E+01
  0.78713731E+01  0.18236274E+01
  0.78813702E+01 -0.18278862E+01
  0.78813702E+01  0.18278862E+01
  0.78913673E+01 -0.18321341E+01
  0.78913673E+01  0.18321341E+01
  0.79013644E+01 -0.18363715E+01
  0.79013644E+01  0.18363715E+01
  0.79113615E+01 -0.18405986E+01
  0.79113615E+01  0.18405986E+01
  0.79213586E+01 -0.18448155E+01
  0.79213586E+01  0.18448155E+01
  0.79313557E+01 -0.18490225E+01
  0.79313557E+01  0.18490225E+01
  0.79413528E+01 -0.18532199E+01
  0.79413528E+01  0.18532199E+01
  0.79513500E+01 -0.18574077E+01
  0.79513500E+01  0.18574077E+01
  0.79613471E+01 -0.18615862E+01
  0.79613471E+01  0.18615862E+01
  0.79713442E+01 -0.18657557E+01
  0.79713442E+01  0.18657557E+01
  0.79813413E+01 -0.18699162E+01
  0.79813413E+01  0.18699162E+01
  0.79913384E+01 -0.18740679E+01
  0.79913384E+01  0.18740679E+01
  0.80013355E+01 -0.18782110E+01
  0.80013355E+01  0.18782110E+01
  0.80113326E+01 -0.18823458E+01
  0.80113326E+01  0.18823458E+01
  0.80213297E+01 -0.18864722E+01
  0.80213297E+01  0.18864722E+01
  0.80313269E+01 -0.18905905E+01
  0.80313269E+01  0.18905905E+01
  0.80413240E+01 -0.18947008E+01
  0.80413240E+01  0.18947008E+01
  0.80513211E+01 -0.18988033E+01
  0.80513211E+01  0.18988033E+01
  0.80613182E+01 -0.19028980E+01
  0.80613182E+01  0.19028980E+01
  0.80713153E+01 -0.19069851E+01
  0.80713153E+01  0.19069851E+01
  0.80813124E+01 -0.19110647E+01
  0.80813124E+01  0.19110647E+01
  0.80913095E+01 -0.19151369E+01
  0.80913095E+01  0.19151369E+01
  0.81013066E+01 -0.19192018E+01
  0.81013066E+01  0.19192018E+01
  0.81113038E+01 -0.19232595E+01
  0.81113038E+01  0.19232595E+01
  0.81213009E+01 -0.19273101E+01
  0.81213009E+01  0.19273101E+01
  0.81312980E+01 -0.19313536E+01
  0.81312980E+01  0.19313536E+01
  0.81412951E+01 -0.19353901E+01
  0.81412951E+01  0.19353901E+01
  0.81512922E+01 -0.19394197E+01
  0.81512922E+01  0.19394197E+01
  0.81612893E+01 -0.19434424E+01
  0.81612893E+01  0.19434424E+01
  0.81712864E+01 -0.19474584E+01
  0.81712864E+01  0.19474584E+01
  0.81812835E+01 -0.19514675E+01
  0.81812835E+01  0.19514675E+01
  0.81912807E+01 -0.19554699E+01
  0.81912807E+01  0.19554699E+01
  0.82012778E+01 -0.19594656E+01
  0.82012778E+01  0.19594656E+01
  0.82112749E+01 -0.19634546E+01
  0.82112749E+01  0.19634546E+01
  0.82212720E+01 -0.19674369E+01
  0.82212720E+01  0.19674369E+01
  0.82312691E+01 -0.19714126E+01
  0.82312691E+01  0.19714126E+01
  0.82412662E+01 -0.19753816E+01
  0.82412662E+01  0.19753816E+01
  0.82512633E+01 -0.19793440E+01
  0.82512633E+01  0.19793440E+01
  0.82612604E+01 -0.19832996E+01
  0.82612604E+01  0.19832996E+01
  0.82712576E+01 -0.19872486E+01
  0.82712576E+01  0.19872486E+01
  0.82812547E+01 -0.19911908E+01
  0.82812547E+01  0.19911908E+01
  0.82912518E+01 -0.19951263E+01
  0.82912518E+01  0.19951263E+01
  0.83012489E+01 -0.19990550E+01
  0.83012489E+01  0.19990550E+01
  0.83112460E+01 -0.20029768E+01
  0.83112460E+01  0.20029768E+01
  0.83212431E+01 -0.20068918E+01
  0.83212431E+01  0.20068918E+01
  0.83312402E+01 -0.20107998E+01
  0.83312402E+01  0.20107998E+01
  0.83412373E+01 -0.20147008E+01
  0.83412373E+01  0.20147008E+01
  0.83512345E+01 -0.20185947E+01
  0.83512345E+01  0.20185947E+01
  0.83612316E+01 -0.20224815E+01
  0.83612316E+01  0.20224815E+01
  0.83712287E+01 -0.20263611E+01
  0.83712287E+01  0.20263611E+01
  0.83812258E+01 -0.20302333E+01
  0.83812258E+01  0.20302333E+01
  0.83912229E+01 -0.20340981E+01
  0.83912229E+01  0.20340981E+01
  0.84012200E+01 -0.20379554E+01
  0.84012200E+01  0.20379554E+01
  0.84112171E+01 -0.20418051E+01
  0.84112171E+01  0.20418051E+01
  0.84212142E+01 -0.20456470E+01
  0.84212142E+01  0.20456470E+01
  0.84312114E+01 -0.20494811E+01
  0.84312114E+01  0.20494811E+01
  0.84412085E+01 -0.20533073E+01
  0.84412085E+01  0.20533073E+01
  0.84512056E+01 -0.20571253E+01
  0.84512056E+01  0.20571253E+01
  0.84612027E+01 -0.20609351E+01
  0.84612027E+01  0.20609351E+01
  0.84711998E+01 -0.20647365E+01
  0.84711998E+01  0.20647365E+01
  0.84811969E+01 -0.20685294E+01
  0.84811969E+01  0.20685294E+01
  0.84911940E+01 -0.20723136E+01
  0.84911940E+01  0.20723136E+01
  0.85011912E+01 -0.20760890E+01
  0.85011912E+01  0.20760890E+01
  0.85111883E+01 -0.20798554E+01
  0.85111883E+01  0.20798554E+01
  0.85211854E+01 -0.20836127E+01
  0.85211854E+01  0.20836127E+01
  0.85311825E+01 -0.20873606E+01
  0.85311825E+01  0.20873606E+01
  0.85411796E+01 -0.20910991E+01
  0.85411796E+01  0.20910991E+01
  0.85511767E+01 -0.20948278E+01
  0.85511767E+01  0.20948278E+01
  0.85611738E+01 -0.20985467E+01
  0.85611738E+01  0.20985467E+01
  0.85711709E+01 -0.21022556E+01
  0.85711709E+01  0.21022556E+01
  0.85811681E+01 -0.21059541E+01
  0.85811681E+01  0.21059541E+01
  0.85911652E+01 -0.21096423E+01
  0.85911652E+01  0.21096423E+01
  0.86011623E+01 -0.21133198E+01
  0.86011623E+01  0.21133198E+01
  0.86111594E+01 -0.21169864E+01
  0.86111594E+01  0.21169864E+01
  0.86211565E+01 -0.21206419E+01
  0.86211565E+01  0.21206419E+01
  0.86311536E+01 -0.21242861E+01
  0.86311536E+01  0.21242861E+01
  0.86411507E+01 -0.21279188E+01
  0.86411507E+01  0.21279188E+01
  0.86511478E+01 -0.21315398E+01
  0.86511478E+01  0.21315398E+01
  0.86611450E+01 -0.21351488E+01
  0.86611450E+01  0.21351488E+01
  0.86711421E+01 -0.21387456E+01
  0.86711421E+01  0.21387456E+01
  0.86811392E+01 -0.21423300E+01
  0.86811392E+01  0.21423300E+01
  0.86911363E+01 -0.21459016E+01
  0.86911363E+01  0.21459016E+01
  0.87011334E+01 -0.21494604E+01
  0.87011334E+01  0.21494604E+01
  0.87111305E+01 -0.21530059E+01
  0.87111305E+01  0.21530059E+01
  0.87211276E+01 -0.21565381E+01
  0.87211276E+01  0.21565381E+01
  0.87311247E+01 -0.21600565E+01
  0.87311247E+01  0.21600565E+01
  0.87411219E+01 -0.21635610E+01
  0.87411219E+01  0.21635610E+01
  0.87511190E+01 -0.21670513E+01
  0.87511190E+01  0.21670513E+01
  0.87611161E+01 -0.21705272E+01
  0.87611161E+01  0.21705272E+01
  0.87711132E+01 -0.21739883E+01
  0.87711132E+01  0.21739883E+01
  0.87811103E+01 -0.21774343E+01
  0.87811103E+01  0.21774343E+01
  0.87911074E+01 -0.21808652E+01
  0.87911074E+01  0.21808652E+01
  0.88011045E+01 -0.21842804E+01
  0.88011045E+01  0.21842804E+01
  0.88111016E+01 -0.21876799E+01
  0.88111016E+01  0.21876799E+01
  0.88210988E+01 -0.21910632E+01
  0.88210988E+01  0.21910632E+01
  0.88310959E+01 -0.21944301E+01
  0.88310959E+01  0.21944301E+01
  0.88410930E+01 -0.21977803E+01
  0.88410930E+01  0.21977803E+01
  0.88510901E+01 -0.22011136E+01
  0.88510901E+01  0.22011136E+01
  0.88610872E+01 -0.22044296E+01
  0.88610872E+01  0.22044296E+01
  0.88710843E+01 -0.22077281E+01
  0.88710843E+01  0.22077281E+01
  0.88810814E+01 -0.22110087E+01
  0.88810814E+01  0.22110087E+01
  0.88910785E+01 -0.22142712E+01
  0.88910785E+01  0.22142712E+01
  0.89010757E+01 -0.22175153E+01
  0.89010757E+01  0.22175153E+01
  0.89110728E+01 -0.22207406E+01
  0.89110728E+01  0.22207406E+01
  0.89210699E+01 -0.22239469E+01
  0.89210699E+01  0.22239469E+01
  0.89310670E+01 -0.22271338E+01
  0.89310670E+01  0.22271338E+01
  0.89410641E+01 -0.22303012E+01
  0.89410641E+01  0.22303012E+01
  0.89510612E+01 -0.22334486E+01
  0.89510612E+01  0.22334486E+01
  0.89610583E+01 -0.22365757E+01
  0.89610583E+01  0.22365757E+01
  0.89710554E+01 -0.22396823E+01
  0.89710554E+01  0.22396823E+01
  0.89810526E+01 -0.22427681E+01
  0.89810526E+01  0.22427681E+01
  0.89910497E+01 -0.22458327E+01
  0.89910497E+01  0.22458327E+01
  0.90010468E+01 -0.22488759E+01
  0.90010468E+01  0.22488759E+01
  0.90110439E+01 -0.22518972E+01
  0.90110439E+01  0.22518972E+01
  0.90210410E+01 -0.22548965E+01
  0.90210410E+01  0.22548965E+01
  0.90310381E+01 -0.22578734E+01
  0.90310381E+01  0.22578734E+01
  0.90410352E+01 -0.22608277E+01
  0.90410352E+01  0.22608277E+01
  0.90510323E+01 -0.22637589E+01
  0.90510323E+01  0.22637589E+01
  0.90610295E+01 -0.22666668E+01
  0.90610295E+01  0.22666668E+01
  0.90710266E+01 -0.22695510E+01
  0.90710266E+01  0.22695510E+01
  0.90810237E+01 -0.22724114E+01
  0.90810237E+01  0.22724114E+01
  0.90910208E+01 -0.22752475E+01
  0.90910208E+01  0.22752475E+01
  0.91010179E+01 -0.22780591E+01
  0.91010179E+01  0.22780591E+01
  0.91110150E+01 -0.22808458E+01
  0.91110150E+01  0.22808458E+01
  0.91210121E+01 -0.22836074E+01
  0.91210121E+01  0.22836074E+01
  0.91310092E+01 -0.22863435E+01
  0.91310092E+01  0.22863435E+01
  0.91410064E+01 -0.22890538E+01
  0.91410064E+01  0.22890538E+01
  0.91510035E+01 -0.22917381E+01
  0.91510035E+01  0.22917381E+01
  0.91610006E+01 -0.22943960E+01
  0.91610006E+01  0.22943960E+01
  0.91709977E+01 -0.22970273E+01
  0.91709977E+01  0.22970273E+01
  0.91809948E+01 -0.22996316E+01
  0.91809948E+01  0.22996316E+01
  0.91909919E+01 -0.23022086E+01
  0.91909919E+01  0.23022086E+01
  0.92009890E+01 -0.23047580E+01
  0.92009890E+01  0.23047580E+01
  0.92109861E+01 -0.23072796E+01
  0.92109861E+01  0.23072796E+01
  0.92209833E+01 -0.23097730E+01
  0.92209833E+01  0.23097730E+01
  0.92309804E+01 -0.23122380E+01
  0.92309804E+01  0.23122380E+01
  0.92409775E+01 -0.23146742E+01
  0.92409775E+01  0.23146742E+01
  0.92509746E+01 -0.23170814E+01
  0.92509746E+01  0.23170814E+01
  0.92609717E+01 -0.23194593E+01
  0.92609717E+01  0.23194593E+01
  0.92709688E+01 -0.23218076E+01
  0.92709688E+01  0.23218076E+01
  0.92809659E+01 -0.23241260E+01
  0.92809659E+01  0.23241260E+01
  0.92909631E+01 -0.23264143E+01
  0.92909631E+01  0.23264143E+01
  0.93009602E+01 -0.23286721E+01
  0.93009602E+01  0.23286721E+01
  0.93109573E+01 -0.23308992E+01
  0.93109573E+01  0.23308992E+01
  0.93209544E+01 -0.23330954E+01
  0.93209544E+01  0.23330954E+01
  0.93309515E+01 -0.23352603E+01
  0.93309515E+01  0.23352603E+01
  0.93409486E+01 -0.23373936E+01
  0.93409486E+01  0.23373936E+01
  0.93509457E+01 -0.23394952E+01
  0.93509457E+01  0.23394952E+01
  0.93609428E+01 -0.23415647E+01
  0.93609428E+01  0.23415647E+01
  0.93709400E+01 -0.23436020E+01
  0.93709400E+01  0.23436020E+01
  0.93809371E+01 -0.23456067E+01
  0.93809371E+01  0.23456067E+01
  0.93909342E+01 -0.23475785E+01
  0.93909342E+01  0.23475785E+01
  0.94009313E+01 -0.23495173E+01
  0.94009313E+01  0.23495173E+01
  0.94109284E+01 -0.23514228E+01
  0.94109284E+01  0.23514228E+01
  0.94209255E+01 -0.23532948E+01
  0.94209255E+01  0.23532948E+01
  0.94309226E+01 -0.23551330E+01
  0.94309226E+01  0.23551330E+01
  0.94409197E+01 -0.23569372E+01
  0.94409197E+01  0.23569372E+01
  0.94509169E+01 -0.23587071E+01
  0.94509169E+01  0.23587071E+01
  0.94609140E+01 -0.23604425E+01
  0.94609140E+01  0.23604425E+01
  0.94709111E+01 -0.23621432E+01
  0.94709111E+01  0.23621432E+01
  0.94809082E+01 -0.23638090E+01
  0.94809082E+01  0.23638090E+01
  0.94909053E+01 -0.23654397E+01
  0.94909053E+01  0.23654397E+01
  0.95009024E+01 -0.23670350E+01
  0.95009024E+01  0.23670350E+01
  0.95108995E+01 -0.23685948E+01
  0.95108995E+01  0.23685948E+01
  0.95208966E+01 -0.23701188E+01
  0.95208966E+01  0.23701188E+01
  0.95308938E+01 -0.23716069E+01
  0.95308938E+01  0.23716069E+01
  0.95408909E+01 -0.23730588E+01
  0.95408909E+01  0.23730588E+01
  0.95508880E+01 -0.23744743E+01
  0.95508880E+01  0.23744743E+01
  0.95608851E+01 -0.23758533E+01
  0.95608851E+01  0.23758533E+01
  0.95708822E+01 -0.23771956E+01
  0.95708822E+01  0.23771956E+01
  0.95808793E+01 -0.23785010E+01
  0.95808793E+01  0.23785010E+01
  0.95908764E+01 -0.23797693E+01
  0.95908764E+01  0.23797693E+01
  0.96008735E+01 -0.23810004E+01
  0.96008735E+01  0.23810004E+01
  0.96108707E+01 -0.23821941E+01
  0.96108707E+01  0.23821941E+01
  0.96208678E+01 -0.23833502E+01
  0.96208678E+01  0.23833502E+01
  0.96308649E+01 -0.23844686E+01
  0.96308649E+01  0.23844686E+01
  0.96408620E+01 -0.23855491E+01
  0.96408620E+01  0.23855491E+01
  0.96508591E+01 -0.23865917E+01
  0.96508591E+01  0.23865917E+01
  0.96608562E+01 -0.23875961E+01
  0.96608562E+01  0.23875961E+01
  0.96708533E+01 -0.23885621E+01
  0.96708533E+01  0.23885621E+01
  0.96808504E+01 -0.23894898E+01
  0.96808504E+01  0.23894898E+01
  0.96908476E+01 -0.23903789E+01
  0.96908476E+01  0.23903789E+01
  0.97008447E+01 -0.23912294E+01
  0.97008447E+01  0.23912294E+01
  0.97108418E+01 -0.23920411E+01
  0.97108418E+01  0.23920411E+01
  0.97208389E+01 -0.23928139E+01
  0.97208389E+01  0.23928139E+01
  0.97308360E+01 -0.23935477E+01
  0.97308360E+01  0.23935477E+01
  0.97408331E+01 -0.23942424E+01
  0.97408331E+01  0.23942424E+01
  0.97508302E+01 -0.23948979E+01
  0.97508302E+01  0.23948979E+01
  0.97608273E+01 -0.23955142E+01
  0.97608273E+01  0.23955142E+01
  0.97708245E+01 -0.23960910E+01
  0.97708245E+01  0.23960910E+01
  0.97808216E+01 -0.23966285E+01
  0.97808216E+01  0.23966285E+01
  0.97908187E+01 -0.23971264E+01
  0.97908187E+01  0.23971264E+01
  0.98008158E+01 -0.23975847E+01
  0.98008158E+01  0.23975847E+01
  0.98108129E+01 -0.23980034E+01
  0.98108129E+01  0.23980034E+01
  0.98208100E+01 -0.23983824E+01
  0.98208100E+01  0.23983824E+01
  0.98308071E+01 -0.23987217E+01
  0.98308071E+01  0.23987217E+01
  0.98408042E+01 -0.23990211E+01
  0.98408042E+01  0.23990211E+01
  0.98508014E+01 -0.23992807E+01
  0.98508014E+01  0.23992807E+01
  0.98607985E+01 -0.23995004E+01
  0.98607985E+01  0.23995004E+01
  0.98707956E+01 -0.23996802E+01
  0.98707956E+01  0.23996802E+01
  0.98807927E+01 -0.23998201E+01
  0.98807927E+01  0.23998201E+01
  0.98907898E+01 -0.23999200E+01
  0.98907898E+01  0.23999200E+01
  0.99007869E+01 -0.23999800E+01
  0.99007869E+01  0.23999800E+01
  0.99107840E+01 -0.24000000E+01
  0.99107840E+01  0.24000000E+01
